7243 0.44028 0.77799 0.091 0.12813
7243 0.58882 0.35911 0.09169 0.09706
7243 0.32923 0.59028 0.04491 0.08724
7243 0.79192 0.54446 0.0547 0.12192
7243 0.84054 0.88785 0.05501 0.09172
7243 0.49283 0.43322 0.10006 0.09909
7243 0.21268 0.77731 0.03584 0.09869
7243 0.73476 0.74127 0.02731 0.03648
7243 0.85096 0.7512 0.03797 0.0803
7243 0.64359 0.55581 0.02788 0.05418
7243 0.70269 0.36862 0.01095 0.04738
7243 0.19417 0.19826 0.02737 0.04313
7243 0.89803 0.65581 0.03656 0.07421
7243 0.81446 0.98007 0.02237 0.03986
