7243 0.46394 0.18686 0.08395 0.10112
7243 0.66787 0.8223 0.04551 0.07297
7243 0.67335 0.24603 0.09483 0.12843
7243 0.63961 0.32262 0.03849 0.11324
7243 0.06362 0.33642 0.07378 0.12053
7243 0.74773 0.0837 0.05385 0.10484
7243 0.01179 0.07826 0.02234 0.05518
7243 0.35401 0.51273 0.02247 0.04312
7243 0.75771 0.7894 0.05901 0.08118
7243 0.56597 0.2008 0.04817 0.04584
7243 0.04111 0.23156 0.06184 0.08999
7243 0.94772 0.87762 0.0311 0.06301
7243 0.40535 0.54805 0.0203 0.03741
7243 0.7476 0.31566 0.01762 0.04263
7243 0.21135 0.95839 0.04087 0.08322
7243 0.17597 0.486 0.02854 0.06085
7243 0.58536 0.28015 0.01902 0.03566
