7243 0.07845 0.7227 0.06123 0.17384
7243 0.06433 0.33268 0.08182 0.12169
7243 0.66441 0.82873 0.05605 0.10195
7243 0.19483 0.25211 0.03387 0.06613
7243 0.44271 0.94557 0.03048 0.05546
7243 0.77639 0.53052 0.04102 0.11229
7243 0.73322 0.91138 0.04554 0.08845
7243 0.28191 0.27827 0.02951 0.05757
7243 0.70579 0.20833 0.04553 0.10051
7243 0.88772 0.19763 0.06272 0.09016
7243 0.01685 0.07498 0.02933 0.06467
7243 0.69349 0.13071 0.03416 0.05082
7243 0.74407 0.78935 0.03861 0.06861
7243 0.09985 0.44237 0.031 0.05873
7243 0.03807 0.38837 0.04307 0.06717
7243 0.67267 0.65229 0.05645 0.08861
