5121 0.28138 0.28642 0.04091 0.08201
10896 0.32051 0.68581 0.0271 0.05341
10896 0.16561 0.60658 0.02495 0.04945
10896 0.47884 0.04014 0.02923 0.06951
10896 0.75174 0.23636 0.01802 0.05192
10896 0.62143 0.27173 0.02455 0.07349
10896 0.18079 0.23669 0.02788 0.08025
10896 0.91092 0.3879 0.02462 0.07011
10896 0.48036 0.84597 0.02192 0.05392
10896 0.00863 0.06782 0.01637 0.03889
5121 0.13734 0.98356 0.02171 0.03287
7243 0.4165 0.07362 0.01505 0.04683
7243 0.72947 0.37097 0.02478 0.05595
7243 0.00492 0.12968 0.00985 0.05217
7243 0.46408 0.84688 0.01562 0.0439
