10896 0.74847 0.53186 0.02366 0.04623
10896 0.43571 0.38945 0.02962 0.06948
10896 0.06157 0.23751 0.01968 0.04769
10896 0.68844 0.16756 0.02282 0.08013
10896 0.02159 0.12082 0.02133 0.04382
10896 0.94962 0.14065 0.01663 0.0429
10896 0.43188 0.24652 0.01864 0.05899
10896 0.88227 0.15838 0.01668 0.05012
10896 0.75203 0.3991 0.01474 0.03987
10896 0.98069 0.0849 0.01875 0.0432
7243 0.01349 0.84718 0.0151 0.04893
7243 0.31383 0.4046 0.01816 0.04469
7243 0.73325 0.31656 0.02378 0.02844
7243 0.96052 0.20819 0.02123 0.02898
7243 0.86138 0.13492 0.04122 0.061
7243 0.99024 0.04239 0.01304 0.03579
