10896 0.04342 0.64883 0.02513 0.08217
6315 0.8731 0.64239 0.03191 0.07385
6315 0.31975 0.18346 0.03286 0.0506
6315 0.36908 0.29891 0.02293 0.07731
10896 0.51272 0.41078 0.02025 0.03652
10896 0.2454 0.73676 0.01529 0.0501
10896 0.61757 0.4374 0.01673 0.05196
10896 0.88256 0.18757 0.0427 0.05165
10896 0.98181 0.09326 0.02193 0.05617
6315 0.40529 0.78741 0.03017 0.03827
10896 0.8568 0.22585 0.0297 0.06469
6315 0.56051 0.92679 0.01551 0.04358
6315 0.64588 0.03422 0.02798 0.06482
6315 0.55754 0.32548 0.01705 0.05842
