2351 0.12478 0.06209 0.02535 0.08587
2351 0.64368 0.39458 0.02608 0.07425
2351 0.4764 0.3698 0.02684 0.07635
2351 0.79536 0.73626 0.03218 0.08096
2351 0.18386 0.0148 0.01805 0.0296
2351 0.51653 0.06502 0.03245 0.09389
2351 0.43102 0.26707 0.0285 0.08575
2351 0.31416 0.02034 0.02164 0.04068
2351 0.27958 0.02204 0.02722 0.04409
2351 0.23811 0.00713 0.02476 0.01426
7243 0.25898 0.74735 0.01086 0.04153
7243 0.18897 0.41209 0.02472 0.05273
7243 0.52652 0.692 0.01676 0.03733
7243 0.66949 0.74168 0.01166 0.04458
7243 0.20398 0.53833 0.01493 0.02948
7243 0.1791 0.49528 0.00995 0.03302
