2351 0.95085 0.29446 0.02911 0.08111
10896 0.05782 0.11586 0.02503 0.06329
10896 0.31338 0.21803 0.02984 0.08691
10896 0.0684 0.84106 0.04892 0.0881
10896 0.35785 0.39068 0.0282 0.09039
10896 0.68041 0.75896 0.04316 0.07638
10896 0.76726 0.57807 0.03723 0.09014
10896 0.96792 0.95133 0.02882 0.06348
10896 0.97743 0.02378 0.01622 0.04757
10896 0.47815 0.19172 0.04707 0.07494
2351 0.63042 0.04095 0.03256 0.0819
10896 0.4395 0.0621 0.02903 0.08446
10896 0.27079 0.92593 0.02942 0.08343
2351 0.82545 0.03304 0.02817 0.06396
2351 0.89632 0.11301 0.02587 0.08437
10896 0.42193 0.34535 0.02321 0.07379
10896 0.41202 0.14358 0.03083 0.09012
10896 0.75669 0.25487 0.03543 0.08944
10896 0.51347 0.20808 0.03413 0.08358
10896 0.21185 0.15507 0.02504 0.066
10896 0.19333 0.11489 0.02778 0.07149
10896 0.02743 0.93935 0.03192 0.02945
10896 0.60484 0.12314 0.02474 0.08338
10896 0.34224 0.04154 0.02118 0.08308
10896 0.72011 0.09404 0.01849 0.06651
10896 0.42962 0.49776 0.02457 0.09366
10896 0.58858 0.78071 0.0348 0.1053
10896 0.80644 0.42058 0.02483 0.06485
10896 0.80207 0.06588 0.02416 0.0945
10896 0.24665 0.42148 0.02714 0.08454
10896 0.63364 0.14436 0.02967 0.08941
10896 0.82925 0.39177 0.02615 0.0797
10896 0.43379 0.15227 0.02833 0.10359
7243 0.695 0.98159 0.02419 0.03657
7243 0.55543 0.97918 0.01852 0.04164
7243 0.79223 0.14561 0.02849 0.05407
7243 0.64688 0.02259 0.01273 0.04517
7243 0.88421 0.07282 0.00164 0.00701
