5953 0.51616 0.32868 0.03467 0.11338
10896 0.14804 0.71852 0.01746 0.04346
10896 0.23794 0.61894 0.02222 0.03184
10896 0.86454 0.12279 0.01662 0.05493
3031 0.75017 0.69336 0.02671 0.03132
3031 0.57013 0.27966 0.01827 0.05058
10896 0.0177 0.84371 0.02156 0.04559
3031 0.4659 0.95949 0.01171 0.05787
7243 0.4375 0.06523 0.01278 0.04053
7243 0.47053 0.73786 0.01421 0.0474
7243 0.26603 0.84425 0.01685 0.04393
7243 0.85076 0.19556 0.0188 0.03435
7243 0.17244 0.5085 0.01716 0.03292
7243 0.98077 0.96757 0.0163 0.03672
7243 0.56103 0.01459 0.01325 0.02918
7243 0.00695 0.02014 0.01364 0.04027
7243 0.33334 0.98998 0.03048 0.01895
7243 0.00479 0.85748 0.00957 0.04482
7243 0.6342 0.04329 0.02001 0.04213
7243 0.64554 0.14468 0.00952 0.02824
7243 0.86697 0.05856 0.01415 0.03287
7243 0.88203 0.26204 0.01147 0.03426
