10896 0.602 0.11962 0.02982 0.09041
10896 0.60872 0.90307 0.03103 0.06824
3031 0.34627 0.32772 0.02585 0.08261
3031 0.13373 0.62993 0.01729 0.06378
2991 0.74849 0.74772 0.0212 0.06851
10896 0.00924 0.36625 0.01837 0.07841
2991 0.35237 0.77051 0.01601 0.0729
2991 0.95707 0.02304 0.01684 0.04608
2991 0.56364 0.0484 0.01732 0.06867
3031 0.12418 0.74975 0.02251 0.0817
3031 0.33022 0.17656 0.01912 0.07913
6315 0.04605 0.98198 0.03565 0.03603
6315 0.99206 0.3821 0.01583 0.13032
3031 0.75581 0.03241 0.01827 0.06482
10896 0.32028 0.10663 0.03498 0.03407
2991 0.29117 0.39751 0.01067 0.05626
6315 0.7332 0.01353 0.01291 0.02642
2991 0.26904 0.03332 0.02325 0.04644
10896 0.9011 0.97668 0.02513 0.04663
2991 0.93252 0.98342 0.01257 0.03316
