10896 0.83496 0.26092 0.04161 0.07154
10896 0.03265 0.02598 0.02046 0.05197
10896 0.26366 0.84796 0.0415 0.09481
10896 0.16802 0.30958 0.02548 0.08128
2351 0.27651 0.07594 0.02442 0.08719
10896 0.08907 0.59714 0.03266 0.08299
10896 0.84739 0.02113 0.02255 0.04186
10896 0.7574 0.56194 0.0416 0.09761
10896 0.02116 0.09685 0.02416 0.0803
10896 0.96891 0.47165 0.02802 0.08047
10896 0.19349 0.16435 0.03167 0.08815
10896 0.50911 0.38439 0.03813 0.085
10896 0.56346 0.41316 0.01994 0.06352
10896 0.55874 0.16433 0.03513 0.09066
10896 0.08238 0.16045 0.02449 0.08053
10896 0.54643 0.51665 0.03297 0.07642
10896 0.82454 0.73013 0.02407 0.08781
10896 0.55326 0.31883 0.02663 0.08048
10896 0.56807 0.08751 0.02755 0.081
10896 0.23762 0.46153 0.02927 0.08013
10896 0.28059 0.7954 0.01854 0.05997
10896 0.56878 0.61832 0.03412 0.08927
10896 0.93809 0.01154 0.02732 0.02272
10896 0.62753 0.95795 0.02305 0.03682
10896 0.58746 0.24192 0.03705 0.08855
10896 0.13788 0.75234 0.02693 0.0595
10896 0.24536 0.02627 0.01736 0.0513
10896 0.04263 0.83065 0.02295 0.07164
10896 0.94263 0.73103 0.05518 0.06701
10896 0.36439 0.45118 0.02633 0.08176
2991 0.61517 0.39542 0.0169 0.06121
10896 0.2433 0.36081 0.03538 0.09347
10896 0.75221 0.67923 0.02164 0.06537
10896 0.13283 0.23308 0.03071 0.10299
10896 0.34914 0.84072 0.02867 0.07437
10896 0.79482 0.34391 0.02792 0.0837
10896 0.79562 0.16533 0.02409 0.07505
10896 0.08182 0.77801 0.02142 0.07369
10896 0.12869 0.79147 0.02344 0.07339
10896 0.36278 0.0101 0.01825 0.02019
10896 0.72081 0.28908 0.02527 0.0823
10896 0.16345 0.49098 0.03136 0.09447
2351 0.15244 0.20643 0.02052 0.08433
10896 0.81528 0.42835 0.0228 0.06448
10896 0.00676 0.8542 0.01198 0.04682
10896 0.81236 0.00912 0.02498 0.01824
7243 0.36653 0.65993 0.01988 0.06403
