10896 0.13811 0.20203 0.02195 0.02661
3031 0.0266 0.60646 0.01794 0.06205
2351 0.43171 0.08737 0.02128 0.06508
10896 0.87656 0.39217 0.02908 0.05748
10896 0.5844 0.30915 0.02272 0.06596
10896 0.50931 0.97456 0.01817 0.05087
2351 0.0597 0.32898 0.0268 0.08029
10896 0.70869 0.30199 0.01039 0.04118
10896 0.16339 0.01842 0.0162 0.03683
2351 0.51999 0.31263 0.03492 0.0902
3031 0.48045 0.20177 0.0111 0.07131
2351 0.7258 0.72341 0.02729 0.07152
10896 0.48006 0.91216 0.02334 0.07336
10896 0.99016 0.06456 0.00967 0.03663
10896 0.78959 0.58746 0.02396 0.06129
2351 0.81343 0.59379 0.02342 0.06723
