10896 0.14783 0.61828 0.03266 0.05937
10896 0.07868 0.82624 0.02603 0.05733
10896 0.14839 0.11615 0.03066 0.07466
10896 0.98801 0.07766 0.02399 0.05853
3031 0.05003 0.34321 0.02227 0.08198
10896 0.53108 0.52042 0.02898 0.07095
6315 0.83465 0.25177 0.02455 0.05441
10896 0.44018 0.60821 0.02324 0.06168
6315 0.15427 0.2489 0.02913 0.04622
6315 0.93001 0.06081 0.02348 0.07365
6315 0.91578 0.04282 0.02574 0.07537
6315 0.83969 0.1957 0.0289 0.06423
6315 0.91443 0.49588 0.01942 0.05995
10896 0.6218 0.31988 0.02664 0.07108
6315 0.68119 0.22653 0.01806 0.06081
6315 0.50033 0.30404 0.02484 0.06166
6315 0.94288 0.85012 0.02032 0.06166
