10896 0.67148 0.19139 0.02466 0.07166
10896 0.21911 0.22853 0.02291 0.05159
10896 0.7396 0.2016 0.02305 0.05271
10896 0.40765 0.15115 0.03204 0.0703
6315 0.15803 0.19752 0.02373 0.06542
10896 0.84929 0.24718 0.02904 0.06804
10896 0.40753 0.33865 0.01904 0.05595
10896 0.71666 0.36121 0.02637 0.0552
10896 0.72293 0.83133 0.0247 0.05266
10896 0.68947 0.33448 0.02259 0.06713
3031 0.71496 0.12094 0.02976 0.08265
10896 0.27654 0.76123 0.03164 0.06229
10896 0.53881 0.18756 0.02367 0.06823
6315 0.52713 0.10591 0.02374 0.06265
10896 0.37282 0.36454 0.0228 0.05751
10896 0.71227 0.01852 0.01435 0.03704
6315 0.44692 0.03494 0.0262 0.06862
10896 0.55513 0.63099 0.03356 0.04942
10896 0.76221 0.47838 0.02419 0.06469
10896 0.7947 0.31092 0.01971 0.058
10896 0.43665 0.10744 0.02263 0.06331
10896 0.86786 0.24666 0.02104 0.0621
10896 0.66752 0.79619 0.02496 0.06659
10896 0.33565 0.71324 0.02313 0.05389
10896 0.26095 0.90166 0.01826 0.05196
10896 0.47138 0.70343 0.02679 0.05273
10896 0.22228 0.35918 0.02062 0.068
