5121 0.48417 0.94491 0.0748 0.11018
5953 0.25986 0.26199 0.04683 0.10728
10896 0.59879 0.5778 0.0303 0.07555
6315 0.57221 0.70818 0.02042 0.05029
2991 0.7684 0.37771 0.04154 0.05078
10896 0.06698 0.04303 0.02229 0.05169
10896 0.01793 0.24757 0.01611 0.04055
6315 0.4094 0.52349 0.01537 0.04519
6315 0.17586 0.6018 0.02969 0.08721
6315 0.47466 0.70777 0.01777 0.05488
6315 0.26951 0.50997 0.02037 0.02798
2991 0.01049 0.5696 0.02099 0.0744
6315 0.17878 0.50803 0.02148 0.04892
10896 0.58735 0.14579 0.02209 0.03828
6315 0.18773 0.90776 0.02538 0.0584
10896 0.21448 0.40241 0.01753 0.04977
10896 0.97035 0.93253 0.01943 0.0392
10896 0.65438 0.22746 0.01908 0.02894
2991 0.12163 0.14617 0.01748 0.05985
5953 0.11344 0.95137 0.03752 0.09726
6315 0.99144 0.12794 0.01712 0.0664
6315 0.91027 0.05059 0.02318 0.03754
6315 0.7166 0.00832 0.01315 0.01663
6315 0.98967 0.18946 0.01244 0.04229
6315 0.30185 0.49501 0.02137 0.05407
2991 0.61865 0.33454 0.01094 0.05665
6315 0.98611 0.39111 0.01559 0.03303
6315 0.60627 0.21078 0.02075 0.0603
6315 0.59142 0.89851 0.01621 0.03909
2991 0.94537 0.01264 0.01244 0.02527
2991 0.27604 0.19883 0.01288 0.04381
2991 0.07894 0.47984 0.01494 0.05285
2991 0.01756 0.5863 0.01978 0.04978
6315 0.27275 0.94064 0.01978 0.03447
6315 0.98183 0.8966 0.01777 0.03064
7243 0.07217 0.18482 0.02942 0.06517
7243 0.45268 0.33549 0.0208 0.0262
7243 0.01585 0.13599 0.02043 0.04867
7243 0.21919 0.08551 0.02265 0.04634
