10896 0.96379 0.70902 0.02964 0.06563
6315 0.58326 0.83544 0.02074 0.06567
6315 0.38195 0.13717 0.02731 0.07518
6315 0.26883 0.72994 0.03378 0.05247
10896 0.98993 0.84151 0.02013 0.0625
10896 0.03901 0.47853 0.02561 0.05727
6315 0.07696 0.35563 0.02443 0.062
6315 0.95666 0.24575 0.02455 0.0732
6315 0.11819 0.39636 0.02656 0.08097
6315 0.53899 0.83552 0.02548 0.06115
6315 0.26791 0.8199 0.03399 0.06681
6315 0.83112 0.19562 0.02215 0.05727
6315 0.42774 0.20813 0.01847 0.0838
6315 0.74616 0.86348 0.02289 0.05716
6315 0.43276 0.4525 0.02489 0.07695
6315 0.65122 0.50101 0.02388 0.06758
6315 0.84677 0.37165 0.02317 0.06029
6315 0.90683 0.37065 0.0256 0.06537
6315 0.39118 0.3265 0.02223 0.05882
6315 0.74122 0.53241 0.01755 0.0494
6315 0.53996 0.17501 0.0275 0.07621
6315 0.72154 0.3639 0.02026 0.06784
6315 0.71001 0.29666 0.02189 0.06032
6315 0.70704 0.02001 0.02064 0.04002
6315 0.6688 0.54946 0.02621 0.07318
6315 0.60531 0.40396 0.023 0.05846
6315 0.26639 0.46525 0.04001 0.05345
6315 0.90442 0.18572 0.02721 0.06251
6315 0.5194 0.96758 0.01917 0.05542
6315 0.28546 0.01303 0.01746 0.02606
6315 0.97309 0.24593 0.02022 0.05518
10896 0.79651 0.54405 0.03037 0.07835
6315 0.06161 0.51731 0.02144 0.05497
6315 0.74511 0.92539 0.0212 0.06184
6315 0.62109 0.09793 0.01902 0.08486
6315 0.78378 0.17999 0.02544 0.06893
2991 0.72725 0.18267 0.03351 0.05285
6315 0.98809 0.23935 0.01655 0.08195
10896 0.55787 0.02949 0.02342 0.05897
6315 0.60208 0.18573 0.0214 0.0651
6315 0.63297 0.1505 0.021 0.04825
6315 0.6259 0.3324 0.0319 0.06434
6315 0.65922 0.32666 0.02503 0.06663
6315 0.72382 0.30368 0.01938 0.06817
6315 0.51083 0.27075 0.01736 0.06817
6315 0.86635 0.4741 0.03311 0.07965
6315 0.7212 0.5346 0.02544 0.06127
6315 0.61642 0.51354 0.0218 0.05591
6315 0.52759 0.46682 0.02826 0.0697
6315 0.41998 0.07659 0.0319 0.06893
6315 0.66709 0.84873 0.02302 0.06357
6315 0.75592 0.73921 0.02302 0.06204
6315 0.72443 0.94485 0.02786 0.06127
6315 0.59663 0.81733 0.02423 0.05285
6315 0.51325 0.98238 0.01332 0.03523
10896 0.407 0.71661 0.04199 0.04902
6315 0.44072 0.61475 0.01898 0.05668
6315 0.35572 0.84529 0.02988 0.06127
6315 0.31292 0.96745 0.02503 0.0651
6315 0.13365 0.5845 0.02988 0.0651
6315 0.16858 0.53931 0.02463 0.06357
6315 0.10316 0.39138 0.02221 0.05974
6315 0.09428 0.12025 0.02786 0.07506
6315 0.1712 0.33317 0.02584 0.06434
6315 0.3963 0.01034 0.01898 0.02068
7243 0.7429 0.34344 0.03049 0.04739
7243 0.46418 0.10249 0.02513 0.06488
7243 0.45005 0.1428 0.01592 0.05865
7243 0.94529 0.33011 0.01978 0.06127
