5121 0.07325 0.72427 0.05694 0.06473
10896 0.4608 0.72562 0.01401 0.04385
10896 0.86523 0.47355 0.01878 0.05012
5121 0.35266 0.87415 0.03015 0.10191
5121 0.53608 0.37403 0.04344 0.05402
10896 0.06971 0.21751 0.01983 0.05388
10896 0.67207 0.64116 0.0236 0.04378
10896 0.59575 0.37067 0.01415 0.04742
5121 0.62002 0.18408 0.04583 0.06642
10896 0.39431 0.01711 0.01462 0.03414
10896 0.00703 0.07384 0.01407 0.06138
10896 0.66926 0.06879 0.02804 0.04372
7243 0.22461 0.7984 0.01508 0.03514
7243 0.50062 0.10083 0.01866 0.03184
