10896 0.91852 0.30332 0.02974 0.06762
10896 0.94826 0.66046 0.0229 0.05785
6315 0.04827 0.02553 0.02137 0.05106
10896 0.90463 0.19398 0.02498 0.07881
10896 0.09181 0.87561 0.0251 0.07672
6315 0.04174 0.3405 0.03602 0.0571
6315 0.42575 0.0954 0.01958 0.05346
6315 0.25487 0.73074 0.02092 0.06477
6315 0.67064 0.93946 0.02681 0.05386
6315 0.97705 0.16624 0.01933 0.05237
6315 0.62249 0.72943 0.02407 0.04949
10896 0.76288 0.4154 0.03303 0.06546
6315 0.79677 0.04738 0.02654 0.05599
6315 0.79833 0.70252 0.02051 0.04848
6315 0.25225 0.28396 0.02443 0.07844
6315 0.49244 0.26281 0.01624 0.05854
6315 0.63922 0.85909 0.02163 0.05917
10896 0.26344 0.75726 0.02694 0.05077
6315 0.96406 0.09497 0.01454 0.04749
6315 0.46399 0.08923 0.03109 0.06204
