10896 0.73346 0.39541 0.02837 0.06175
10896 0.77427 0.05408 0.04141 0.09062
10896 0.1333 0.50417 0.02662 0.07697
10896 0.83907 0.08717 0.02832 0.07248
10896 0.74025 0.74707 0.03258 0.07914
10896 0.4161 0.51542 0.03254 0.09118
10896 0.70793 0.62292 0.05449 0.07552
3031 0.15903 0.31375 0.0244 0.08271
3031 0.5683 0.11451 0.01965 0.06587
10896 0.7909 0.54453 0.03169 0.06438
10896 0.35573 0.44557 0.02342 0.06717
3031 0.35179 0.51466 0.01549 0.07205
3031 0.92936 0.60952 0.01954 0.06287
10896 0.76803 0.45745 0.04464 0.07152
3031 0.07114 0.74861 0.0183 0.05833
10896 0.1379 0.91505 0.01953 0.06157
3031 0.30288 0.74074 0.01904 0.06204
10896 0.70242 0.97338 0.01708 0.04491
3031 0.65971 0.92616 0.02441 0.07639
7243 0.59109 0.95343 0.06441 0.09315
7243 0.11668 0.10832 0.03138 0.08518
7243 0.85925 0.65703 0.02092 0.05195
7243 0.91185 0.03252 0.02509 0.06504
7243 0.03222 0.70917 0.01407 0.04419
7243 0.81358 0.68227 0.02644 0.07379
7243 0.00996 0.95035 0.01992 0.08818
7243 0.88992 0.01021 0.01865 0.01873
7243 0.04531 0.57835 0.02294 0.04519
7243 0.22304 0.6763 0.02464 0.02639
7243 0.49453 0.98253 0.02813 0.03494
7243 0.14864 0.96227 0.01806 0.03472
7243 0.02258 0.9912 0.01538 0.01759
7243 0.55927 0.94421 0.031 0.07269
7243 0.65458 0.98611 0.02489 0.02778
7243 0.73996 0.48579 0.01953 0.06439
7243 0.99345 0.25722 0.01309 0.07863
7243 0.56645 0.02967 0.01908 0.05934
