10896 0.67966 0.03615 0.02938 0.0723
10896 0.95403 0.31634 0.01839 0.05205
5953 0.3491 0.51747 0.03469 0.10644
5953 0.40909 0.23458 0.03536 0.11512
10896 0.13059 0.13588 0.0319 0.02736
10896 0.94676 0.56214 0.01702 0.04385
10896 0.4502 0.70559 0.03012 0.06823
6315 0.06899 0.18562 0.02649 0.04249
6315 0.78884 0.2924 0.0149 0.04783
2991 0.78023 0.06227 0.02089 0.06696
10896 0.36983 0.64675 0.02716 0.05198
2991 0.11037 0.92074 0.02513 0.04424
5953 0.86176 0.12357 0.03644 0.10585
10896 0.9732 0.6202 0.02199 0.04253
6315 0.5324 0.08795 0.01475 0.05241
2991 0.04956 0.57292 0.02233 0.04539
10896 0.0161 0.38772 0.02112 0.04657
6315 0.07259 0.33876 0.02512 0.04171
2991 0.87954 0.09908 0.02722 0.06499
6315 0.22948 0.01092 0.01946 0.02184
2991 0.81649 0.44773 0.01252 0.05469
6315 0.2894 0.54711 0.02065 0.03811
6315 0.19918 0.50976 0.02089 0.04832
2991 0.2595 0.59643 0.00909 0.04913
2991 0.58242 0.67108 0.01486 0.05122
6315 0.88763 0.01306 0.02931 0.02612
10896 0.76238 0.04507 0.01599 0.05645
6315 0.18876 0.98315 0.01688 0.02696
2991 0.17699 0.11247 0.01377 0.05139
7243 0.62801 0.06002 0.01919 0.04487
