10896 0.01506 0.12377 0.026 0.08035
5953 0.3286 0.28194 0.04209 0.10587
10896 0.47973 0.40905 0.03137 0.07054
2351 0.49322 0.24047 0.03233 0.08012
10896 0.85811 0.1398 0.02384 0.07424
5953 0.02089 0.90523 0.03015 0.08697
10896 0.93805 0.12317 0.03086 0.083
10896 0.05347 0.31495 0.0203 0.07304
10896 0.40489 0.03286 0.01604 0.06228
5953 0.83742 0.52981 0.03522 0.09729
2351 0.5479 0.2448 0.02881 0.07324
6315 0.02697 0.24832 0.04953 0.07881
10896 0.94197 0.42864 0.02494 0.08118
2351 0.7469 0.08508 0.02554 0.09319
10896 0.66238 0.41251 0.02052 0.07232
10896 0.64505 0.36787 0.02749 0.07596
2351 0.16073 0.18524 0.02447 0.08488
10896 0.65279 0.96577 0.03159 0.06847
2351 0.18508 0.16288 0.02702 0.08517
2351 0.51263 0.18581 0.0259 0.07244
10896 0.07895 0.41364 0.01327 0.04007
2351 0.76841 0.17266 0.03231 0.08932
10896 0.9337 0.73302 0.01455 0.03723
10896 0.99258 0.06212 0.01485 0.06048
10896 0.20069 0.8366 0.01246 0.03871
6315 0.00463 0.57331 0.00926 0.07461
7243 0.36284 0.74015 0.05998 0.08747
7243 0.2143 0.01602 0.02738 0.03205
7243 0.1675 0.65417 0.05125 0.07691
