10896 0.13848 0.25752 0.01911 0.05543
10896 0.02689 0.66255 0.03523 0.06062
10896 0.71894 0.74173 0.02366 0.06637
10896 0.84054 0.34906 0.03143 0.06822
10896 0.20098 0.85016 0.02909 0.0586
10896 0.90345 0.07953 0.02726 0.06808
10896 0.16236 0.07318 0.02629 0.06884
10896 0.06394 0.37173 0.03204 0.05662
10896 0.52241 0.52867 0.02439 0.0615
10896 0.1344 0.16719 0.02384 0.06027
10896 0.02892 0.85635 0.0187 0.06402
10896 0.56601 0.19366 0.02606 0.06643
10896 0.76381 0.4116 0.01975 0.054
10896 0.54492 0.14234 0.02274 0.0737
10896 0.33389 0.40437 0.02139 0.07432
10896 0.63309 0.04932 0.024 0.07926
10896 0.8759 0.63969 0.02128 0.04939
10896 0.23557 0.50221 0.02957 0.04668
10896 0.90693 0.12835 0.02785 0.04356
10896 0.82803 0.2201 0.02736 0.06951
10896 0.84952 0.53798 0.02345 0.0658
10896 0.54954 0.28358 0.03322 0.07229
10896 0.62661 0.11746 0.02589 0.05468
10896 0.63284 0.14967 0.02003 0.04912
10896 0.87612 0.66841 0.02239 0.05849
10896 0.50611 0.85327 0.02313 0.06336
10896 0.922 0.88651 0.029 0.06406
10896 0.53162 0.93803 0.02202 0.06267
10896 0.4157 0.72218 0.0268 0.05709
10896 0.36541 0.5798 0.02019 0.05222
10896 0.36284 0.54324 0.02606 0.04874
10896 0.24281 0.40941 0.03414 0.05292
10896 0.22648 0.4115 0.01982 0.06406
10896 0.98466 0.02604 0.03069 0.04442
7243 0.20043 0.89182 0.03718 0.0303
