10896 0.2433 0.54897 0.04805 0.07751
2351 0.15106 0.68911 0.03256 0.07101
6315 0.08518 0.04617 0.0282 0.05578
2351 0.09191 0.27923 0.02605 0.08972
2351 0.13879 0.18448 0.03487 0.08704
2351 0.76392 0.1176 0.03269 0.09215
2351 0.08243 0.18664 0.03752 0.08016
2351 0.01069 0.41323 0.02056 0.08134
2351 0.66081 0.26893 0.02171 0.07383
2351 0.79724 0.39613 0.03642 0.08523
2351 0.57286 0.443 0.02399 0.06553
2351 0.16402 0.31688 0.02391 0.08431
2351 0.67243 0.57512 0.04183 0.07956
6315 0.80324 0.01548 0.02755 0.03096
2351 0.12216 0.38419 0.0305 0.07876
2351 0.7118 0.40584 0.02426 0.08918
6315 0.93688 0.12937 0.01992 0.05848
2351 0.86895 0.02003 0.01801 0.0392
2351 0.17384 0.38823 0.03038 0.07852
2351 0.58623 0.32023 0.02317 0.05856
2351 0.18447 0.12967 0.0243 0.0743
2351 0.98486 0.87085 0.025 0.0518
2351 0.80998 0.3842 0.02534 0.07571
6315 0.21481 0.97832 0.02415 0.0347
6315 0.10382 0.47227 0.02495 0.03756
6315 0.41947 0.37399 0.02096 0.033
2351 0.40583 0.41487 0.02926 0.06826
2351 0.40069 0.47 0.02689 0.08551
2351 0.39614 0.62161 0.02411 0.07293
6315 0.97957 0.43585 0.01136 0.02901
6315 0.78469 0.167 0.0134 0.0363
2351 0.45375 0.37041 0.02953 0.09445
2351 0.22174 0.27048 0.03474 0.08346
2351 0.16438 0.13762 0.02484 0.09175
6315 0.35621 0.01072 0.02222 0.0207
6315 0.38072 0.01134 0.02418 0.01946
