5953 0.70132 0.42483 0.03571 0.10651
10896 0.6663 0.05618 0.02127 0.06343
10896 0.46136 0.86648 0.02815 0.0691
5953 0.17639 0.36974 0.03877 0.11248
10896 0.59223 0.96651 0.03024 0.06699
10896 0.57857 0.19896 0.02583 0.08853
10896 0.47703 0.18688 0.03125 0.09582
10896 0.85455 0.59793 0.02932 0.08609
3031 0.7907 0.81643 0.02421 0.06977
7243 0.32237 0.74263 0.03603 0.09944
7243 0.39672 0.89534 0.03892 0.06317
7243 0.26929 0.86614 0.01659 0.04937
7243 0.36602 0.3297 0.01181 0.04415
7243 0.58835 0.01158 0.01034 0.02316
7243 0.00532 0.39796 0.01064 0.0484
7243 0.92178 0.38691 0.01374 0.03789
7243 0.553 0.0078 0.01265 0.01561
