10896 0.60584 0.30595 0.02788 0.08308
10896 0.33195 0.02858 0.02919 0.05716
10896 0.8794 0.12883 0.02643 0.09935
10896 0.22021 0.03605 0.04106 0.0721
10896 0.22141 0.09296 0.01821 0.07479
10896 0.12856 0.61158 0.03127 0.08273
10896 0.66636 0.10432 0.02335 0.08304
10896 0.75276 0.76097 0.02781 0.07172
10896 0.39794 0.37003 0.03019 0.07991
10896 0.84772 0.07552 0.0377 0.07927
10896 0.17967 0.62955 0.03674 0.08123
10896 0.98241 0.07103 0.025 0.08016
10896 0.69593 0.04228 0.01985 0.08455
10896 0.19813 0.36096 0.0304 0.08379
10896 0.81681 0.32104 0.02687 0.08009
10896 0.48193 0.02798 0.02669 0.05595
10896 0.63245 0.59992 0.02159 0.07315
10896 0.42109 0.44799 0.03763 0.0814
10896 0.88693 0.47464 0.03408 0.08305
10896 0.96283 0.52807 0.02487 0.09156
10896 0.98249 0.21737 0.01777 0.0836
10896 0.85692 0.91281 0.02169 0.0745
10896 0.93502 0.57971 0.02312 0.08204
10896 0.76475 0.01674 0.02812 0.03348
10896 0.3828 0.44405 0.02805 0.08579
10896 0.94917 0.21247 0.02252 0.09374
10896 0.51015 0.3385 0.02743 0.07256
10896 0.96403 0.17898 0.03387 0.08099
10896 0.4321 0.01554 0.02734 0.03042
10896 0.78848 0.41966 0.03398 0.09947
10896 0.39613 0.08417 0.02427 0.07765
10896 0.99141 0.47132 0.01668 0.0678
10896 0.87786 0.90746 0.02871 0.08655
10896 0.81903 0.40638 0.02432 0.08277
7243 0.01532 0.01191 0.01584 0.02382
