6315 0.92222 0.85667 0.0243 0.05489
6315 0.30896 0.52419 0.01983 0.05351
10896 0.51699 0.32763 0.03179 0.0702
6315 0.79761 0.09277 0.03107 0.05529
6315 0.27176 0.60907 0.03353 0.05246
6315 0.73721 0.14934 0.02963 0.0591
6315 0.86309 0.02151 0.02063 0.04302
10896 0.70041 0.03072 0.02457 0.06145
6315 0.48303 0.1068 0.02412 0.07758
6315 0.09475 0.16992 0.02499 0.06451
6315 0.75267 0.09177 0.03026 0.07308
6315 0.74897 0.42067 0.04223 0.06271
6315 0.04517 0.48447 0.02875 0.06271
6315 0.75717 0.01822 0.02105 0.03644
6315 0.5416 0.55703 0.02956 0.04446
6315 0.12847 0.01121 0.03258 0.02242
10896 0.72278 0.29629 0.02534 0.07596
6315 0.20027 0.01339 0.01897 0.02679
10896 0.21568 0.53773 0.02932 0.07051
6315 0.67243 0.57952 0.02688 0.05833
10896 0.47608 0.2195 0.03225 0.07899
10896 0.31694 0.2655 0.04267 0.06087
6315 0.43871 0.17224 0.02531 0.07148
6315 0.6809 0.02124 0.01858 0.04249
6315 0.55741 0.44716 0.02623 0.06114
6315 0.67734 0.62851 0.02896 0.06321
6315 0.68937 0.63318 0.01803 0.05596
6315 0.58036 0.98238 0.02623 0.03523
6315 0.0489 0.51556 0.01803 0.06529
7243 0.88275 0.18357 0.02443 0.05844
