10896 0.91139 0.87488 0.02906 0.0821
10896 0.9536 0.65624 0.03093 0.06403
6315 0.11112 0.0444 0.08036 0.08129
2351 0.36078 0.17978 0.02684 0.0829
2351 0.26336 0.58563 0.04332 0.08095
2351 0.52745 0.75753 0.02181 0.06733
2351 0.69422 0.44662 0.01918 0.0731
2351 0.57347 0.43911 0.02209 0.07818
10896 0.0301 0.3051 0.0332 0.07699
10896 0.68883 0.95864 0.02351 0.07024
2351 0.35472 0.38128 0.03528 0.06758
2351 0.49409 0.20057 0.03168 0.08012
2351 0.8352 0.66598 0.02855 0.08354
2351 0.67694 0.59433 0.02562 0.081
2351 0.67641 0.06131 0.02499 0.09314
5953 0.5285 0.12231 0.03399 0.11694
2351 0.30695 0.39056 0.02629 0.07963
2351 0.76975 0.09792 0.03524 0.07731
2351 0.26344 0.06377 0.02573 0.07082
6315 0.33493 0.15275 0.02649 0.02963
6315 0.41229 0.01182 0.02219 0.02346
10896 0.43232 0.02557 0.01824 0.05114
2351 0.37187 0.51965 0.02103 0.07268
2351 0.33471 0.33454 0.02819 0.07472
10896 0.35499 0.31746 0.02181 0.05683
6315 0.45719 0.01442 0.01921 0.02883
2351 0.50629 0.13251 0.02218 0.08221
6315 0.61446 0.31065 0.02971 0.13638
2351 0.46019 0.15667 0.02317 0.07439
6315 0.38071 0.80672 0.01634 0.04565
2351 0.35353 0.53227 0.02793 0.08284
10896 0.27644 0.3939 0.02109 0.06481
6315 0.02339 0.51262 0.01459 0.04454
10896 0.22975 0.75871 0.01107 0.03531
6315 0.52997 0.59745 0.01964 0.03853
6315 0.88968 0.88145 0.01826 0.04311
10896 0.50823 0.9819 0.03072 0.03571
10896 0.53372 0.97613 0.02418 0.04773
6315 0.55366 0.98946 0.00784 0.01984
6315 0.27347 0.01073 0.01174 0.02145
2991 0.30712 0.05431 0.02917 0.09222
6315 0.31806 0.01127 0.02242 0.02152
7243 0.64609 0.28663 0.04615 0.11217
