2351 0.39756 0.03194 0.02554 0.06045
6315 0.99052 0.37616 0.01884 0.04365
2351 0.63871 0.26795 0.02787 0.07842
5121 0.40215 0.88736 0.04352 0.14166
6315 0.2902 0.0808 0.01303 0.05208
6315 0.52813 0.01517 0.02127 0.03034
6315 0.70059 0.57743 0.02199 0.06143
6315 0.62377 0.98399 0.02542 0.03202
6315 0.57057 0.98775 0.02249 0.02451
2351 0.71371 0.40774 0.02531 0.07876
6315 0.43394 0.21077 0.02649 0.0285
6315 0.1469 0.30375 0.0219 0.02604
3031 0.12417 0.31318 0.02028 0.05986
7243 0.56521 0.27363 0.03967 0.07121
7243 0.30937 0.01698 0.02528 0.03396
