5953 0.41585 0.66622 0.03134 0.10254
2351 0.92568 0.59151 0.02707 0.08113
10896 0.5131 0.07604 0.03547 0.10176
10896 0.93178 0.66853 0.04506 0.07321
10896 0.64234 0.0546 0.02753 0.09117
10896 0.50999 0.21363 0.04095 0.10511
10896 0.56882 0.5614 0.02962 0.09627
2351 0.0858 0.27704 0.03351 0.08359
10896 0.03442 0.55235 0.03249 0.07918
10896 0.3937 0.76397 0.02908 0.08255
10896 0.96971 0.74241 0.03473 0.09435
10896 0.93534 0.06172 0.02655 0.07992
10896 0.68194 0.28226 0.01986 0.07331
2351 0.5042 0.91619 0.02349 0.07244
10896 0.30822 0.34856 0.03061 0.10188
10896 0.61081 0.19748 0.0238 0.08906
10896 0.98785 0.70799 0.02429 0.06852
10896 0.51128 0.80014 0.01907 0.04659
10896 0.28244 0.2973 0.02233 0.10623
10896 0.70183 0.31886 0.02092 0.06305
10896 0.5668 0.15206 0.03546 0.09827
10896 0.44489 0.27363 0.0281 0.08985
10896 0.51769 0.4163 0.01993 0.06224
2351 0.47689 0.87275 0.03211 0.0846
10896 0.11834 0.01998 0.01717 0.03726
10896 0.43737 0.08172 0.0286 0.08933
10896 0.38021 0.31731 0.02353 0.07568
10896 0.58914 0.35441 0.03039 0.05939
7243 0.73 0.4642 0.02493 0.05791
7243 0.58355 0.10592 0.00247 0.00936
