6315 0.10479 0.78389 0.02221 0.04955
10896 0.12057 0.86957 0.02164 0.0334
6315 0.15061 0.46799 0.02377 0.0625
6315 0.82088 0.05668 0.01389 0.04558
6315 0.95024 0.16536 0.01948 0.05068
6315 0.30609 0.11121 0.03129 0.03807
2991 0.87549 0.19392 0.02959 0.02828
10896 0.05327 0.57705 0.01375 0.03494
6315 0.39451 0.49409 0.01593 0.05546
10896 0.38346 0.13327 0.01729 0.04596
6315 0.60517 0.60786 0.01939 0.03893
2991 0.07585 0.70502 0.02151 0.04525
10896 0.7047 0.82686 0.02773 0.06215
10896 0.64321 0.04018 0.02066 0.05394
6315 0.0386 0.35974 0.0239 0.01564
2991 0.67204 0.6448 0.01406 0.05111
2991 0.93692 0.77666 0.02097 0.03529
2991 0.05296 0.71937 0.01305 0.05273
6315 0.99463 0.86551 0.00976 0.02917
6315 0.23804 0.50147 0.00954 0.0282
