2351 0.51813 0.14923 0.03883 0.08882
2351 0.46792 0.1147 0.03138 0.09165
2351 0.66383 0.08091 0.03853 0.08403
2351 0.80638 0.06707 0.02258 0.08167
2351 0.04432 0.37299 0.01951 0.07869
2351 0.13497 0.04891 0.05895 0.0787
2351 0.54906 0.45602 0.02057 0.07153
2351 0.36242 0.15472 0.03433 0.08224
2351 0.98456 0.26353 0.02018 0.06525
2351 0.69566 0.23874 0.0269 0.08443
2351 0.15676 0.09925 0.0161 0.06676
2351 0.1634 0.51367 0.02123 0.06596
7243 0.46421 0.23587 0.01476 0.05694
7243 0.09509 0.31811 0.01581 0.04155
7243 0.97241 0.15852 0.00961 0.03987
7243 0.57774 0.37382 0.01368 0.03302
7243 0.97823 0.7842 0.01119 0.03066
7243 0.59111 0.17158 0.01182 0.03184
7243 0.69341 0.05189 0.0199 0.03538
7243 0.81126 0.00884 0.02177 0.01533
