5953 0.67947 0.33627 0.03428 0.10657
6315 0.68609 0.89645 0.01884 0.05373
10896 0.9333 0.59529 0.02056 0.05231
10896 0.02326 0.6348 0.01591 0.05418
6315 0.36268 0.91997 0.02591 0.04604
6315 0.91258 0.03363 0.02186 0.06058
2991 0.84329 0.09286 0.02074 0.05081
2991 0.00879 0.14349 0.01745 0.04143
6315 0.98318 0.50853 0.01558 0.03701
3031 0.1144 0.03359 0.01378 0.05013
6315 0.56834 0.69274 0.0171 0.05261
6315 0.52354 0.27926 0.01446 0.04986
6315 0.04219 0.30161 0.0151 0.04044
6315 0.34422 0.54589 0.01599 0.04381
6315 0.6338 0.75062 0.01244 0.02696
