10896 0.44665 0.74254 0.01789 0.05573
10896 0.65858 0.75211 0.02554 0.05383
10896 0.83513 0.22157 0.02664 0.07689
10896 0.74753 0.77083 0.02821 0.05018
10896 0.22528 0.18651 0.02622 0.07463
10896 0.34098 0.01508 0.01627 0.03016
10896 0.68775 0.97268 0.02583 0.05182
10896 0.16454 0.20824 0.02268 0.05273
10896 0.99107 0.23337 0.01754 0.0625
10896 0.39242 0.55444 0.02711 0.0692
10896 0.89071 0.43769 0.02385 0.0742
10896 0.13032 0.22626 0.02685 0.055
10896 0.98779 0.15542 0.02299 0.02984
10896 0.47121 0.25507 0.02837 0.07194
10896 0.42971 0.00632 0.0191 0.01264
10896 0.73484 0.81254 0.02221 0.05476
6315 0.99445 0.95745 0.0111 0.04128
10896 0.99356 0.91828 0.01288 0.05392
