5953 0.65106 0.48985 0.04402 0.10191
2351 0.89056 0.71235 0.05124 0.05977
2351 0.20791 0.03962 0.02206 0.07408
2351 0.72472 0.90077 0.03528 0.07974
2351 0.64558 0.65954 0.02136 0.06215
2351 0.39654 0.27343 0.02942 0.07648
2351 0.22138 0.1556 0.02687 0.08643
2351 0.77729 0.29151 0.0386 0.09724
2351 0.258 0.018 0.02429 0.03599
2351 0.62072 0.26731 0.02272 0.08807
2351 0.61725 0.093 0.02912 0.06794
2351 0.67653 0.10926 0.02712 0.09691
2351 0.6535 0.18686 0.02414 0.07454
2351 0.37783 0.38905 0.03052 0.099
2351 0.06787 0.29787 0.02719 0.076
2351 0.60286 0.15117 0.01743 0.06505
2351 0.78153 0.77913 0.01864 0.05407
2351 0.39778 0.42003 0.02193 0.07826
7243 0.02164 0.07309 0.01688 0.05044
7243 0.03337 0.6002 0.0265 0.04057
7243 0.26491 0.30306 0.01055 0.04824
7243 0.57832 0.60839 0.02229 0.05372
7243 0.14019 0.71242 0.01564 0.03922
7243 0.76511 0.19568 0.01042 0.04742
7243 0.00515 0.83905 0.0103 0.0636
7243 0.63596 0.98418 0.02057 0.03163
7243 0.08994 0.16345 0.02544 0.04136
7243 0.94499 0.02199 0.02417 0.04018
7243 0.02394 0.08373 0.01555 0.00236
