5953 0.21792 0.67973 0.03432 0.08798
5953 0.55509 0.9125 0.03321 0.10974
10896 0.91659 0.64594 0.01852 0.04293
10896 0.82113 0.04966 0.02916 0.04001
5953 0.58564 0.52102 0.02874 0.09107
3031 0.10696 0.17713 0.02589 0.06772
10896 0.68532 0.30772 0.01456 0.05124
10896 0.94463 0.20335 0.01472 0.03518
10896 0.11844 0.12699 0.01516 0.04115
10896 0.41326 0.56898 0.01537 0.04491
7243 0.81646 0.66704 0.02534 0.04993
7243 0.45739 0.01596 0.01442 0.03193
7243 0.73916 0.24117 0.01368 0.04181
7243 0.77888 0.10129 0.01809 0.04258
7243 0.28911 0.46404 0.01954 0.0521
7243 0.31736 0.45201 0.01989 0.04786
7243 0.31493 0.77755 0.01635 0.04074
7243 0.96865 0.57153 0.01196 0.03472
