5121 0.47963 0.30151 0.07583 0.07958
10896 0.08788 0.85512 0.03005 0.06358
5953 0.857 0.22862 0.04253 0.09741
5121 0.05348 0.81552 0.05261 0.0765
10896 0.62065 0.39488 0.01895 0.05713
5953 0.54023 0.59758 0.02938 0.08517
2991 0.78016 0.34316 0.02003 0.07211
2991 0.26877 0.14781 0.02145 0.06133
7243 0.79375 0.51218 0.01635 0.03211
7243 0.67884 0.96259 0.02038 0.04365
7243 0.30197 0.02444 0.04181 0.04788
7243 0.59633 0.15676 0.01161 0.04596
7243 0.43618 0.01521 0.01491 0.02957
7243 0.94489 0.08365 0.01452 0.04383
7243 0.04559 0.15752 0.01777 0.01749
7243 0.31443 0.97556 0.03383 0.04889
7243 0.2811 0.92855 0.01309 0.03247
7243 0.51573 0.04225 0.01433 0.03084
7243 0.45184 0.9806 0.03195 0.03768
7243 0.57862 0.28219 0.01471 0.02184
