2351 0.38639 0.02085 0.01962 0.04169
5953 0.47939 0.42209 0.02484 0.08824
5953 0.90478 0.03296 0.01993 0.06593
2351 0.27992 0.11595 0.01991 0.06369
2351 0.81713 0.42224 0.0337 0.07492
2351 0.71209 0.16305 0.02072 0.07384
2351 0.38689 0.15424 0.01839 0.06338
2351 0.82235 0.70205 0.03222 0.07812
2351 0.40759 0.12989 0.0191 0.06373
10896 0.53374 0.63756 0.02032 0.03927
10896 0.97073 0.70592 0.01412 0.03799
7243 0.60838 0.70005 0.02632 0.0757
7243 0.00504 0.67164 0.01008 0.06961
7243 0.46453 0.57385 0.02729 0.06214
