6315 0.96397 0.29368 0.04658 0.08881
10896 0.69626 0.54034 0.04149 0.1007
10896 0.13765 0.66292 0.02628 0.07436
10896 0.33758 0.02559 0.03219 0.05119
10896 0.60464 0.40926 0.04193 0.0918
6315 0.1444 0.08134 0.019 0.03343
10896 0.76403 0.88856 0.03642 0.0893
10896 0.54173 0.03924 0.03248 0.07848
10896 0.79337 0.7762 0.02896 0.08992
10896 0.84228 0.18082 0.04801 0.05263
10896 0.28533 0.22675 0.03004 0.088
10896 0.49101 0.51005 0.03106 0.08116
2351 0.64825 0.21697 0.03228 0.09968
10896 0.47909 0.21252 0.04836 0.0541
2351 0.4397 0.73234 0.02512 0.07549
10896 0.18073 0.20583 0.02357 0.03714
10896 0.41165 0.751 0.03553 0.07967
10896 0.64693 0.02531 0.02655 0.05063
10896 0.29911 0.85507 0.02543 0.08603
2351 0.06423 0.49865 0.03362 0.091
10896 0.24839 0.34799 0.02856 0.10077
2351 0.66414 0.79728 0.02786 0.08665
10896 0.67246 0.74121 0.02923 0.07957
10896 0.49802 0.07365 0.03245 0.09545
10896 0.90188 0.19765 0.02387 0.08692
10896 0.78027 0.09356 0.03254 0.09463
10896 0.8047 0.08873 0.02765 0.08999
10896 0.7664 0.01326 0.02326 0.02653
10896 0.62122 0.02145 0.03149 0.04071
10896 0.98206 0.8196 0.03194 0.08785
10896 0.95673 0.83115 0.02148 0.04587
6315 0.89104 0.5373 0.01797 0.03433
10896 0.98975 0.19317 0.0204 0.08683
10896 0.15049 0.01244 0.03226 0.02436
10896 0.45941 0.98063 0.02531 0.03723
6315 0.97157 0.17711 0.0138 0.04581
10896 0.989 0.7644 0.01273 0.04544
6315 0.9368 0.09827 0.01101 0.03573
10896 0.46878 0.50014 0.03311 0.08272
6315 0.46656 0.58526 0.04966 0.09727
10896 0.49872 0.98889 0.02786 0.02221
