2351 0.36466 0.44614 0.02586 0.07172
5953 0.91669 0.59829 0.02843 0.09473
2351 0.89923 0.81232 0.02921 0.06438
2351 0.34173 0.05501 0.02437 0.07007
2351 0.38829 0.18315 0.02179 0.07308
2351 0.01064 0.0944 0.02125 0.0856
5953 0.9769 0.95902 0.03217 0.07973
2351 0.98314 0.16193 0.03347 0.07475
2351 0.37529 0.08207 0.0235 0.06673
10896 0.82255 0.42648 0.0094 0.03905
7243 0.86255 0.23056 0.01941 0.03123
7243 0.00844 0.31709 0.01638 0.04225
7243 0.94542 0.91545 0.02014 0.05126
7243 0.76731 0.00816 0.02194 0.01633
7243 0.56292 0.13537 0.01519 0.03713
7243 0.37012 0.50139 0.00487 0.00858
