10896 0.10304 0.49395 0.05085 0.08847
10896 0.70547 0.0769 0.03474 0.07576
10896 0.11996 0.77202 0.02685 0.062
10896 0.69307 0.21747 0.03092 0.10195
10896 0.30069 0.08876 0.02095 0.06329
10896 0.01759 0.34822 0.03257 0.09786
10896 0.90398 0.77734 0.00938 0.03884
10896 0.597 0.12506 0.0313 0.09725
10896 0.46108 0.36669 0.03304 0.06901
10896 0.56186 0.59021 0.03246 0.08948
10896 0.21733 0.05689 0.0192 0.0437
10896 0.49557 0.0532 0.02795 0.09221
10896 0.6684 0.05891 0.02239 0.07765
10896 0.18563 0.29865 0.03471 0.08096
10896 0.77642 0.50655 0.03164 0.07723
10896 0.63822 0.20337 0.02713 0.08886
10896 0.25118 0.23993 0.02058 0.07287
10896 0.79498 0.23671 0.03079 0.06993
10896 0.80519 0.18276 0.02967 0.087
10896 0.2307 0.20896 0.02405 0.09089
10896 0.22272 0.30682 0.03155 0.09217
10896 0.85131 0.26317 0.02113 0.01766
10896 0.79427 0.47655 0.02649 0.08871
