2392 0.66056 0.65057 0.02603 0.0608
2392 0.27353 0.83944 0.02369 0.05427
2392 0.50058 0.1113 0.02172 0.06869
2392 0.8547 0.18895 0.02775 0.06745
2392 0.12456 0.41491 0.02549 0.06608
2392 0.75643 0.20765 0.02939 0.06847
2392 0.11636 0.11655 0.02467 0.05732
2392 0.64947 0.28168 0.03464 0.073
2392 0.83555 0.59078 0.0243 0.07844
2392 0.2643 0.4796 0.03318 0.0802
2392 0.79351 0.12206 0.03687 0.05915
2392 0.37529 0.75692 0.02348 0.06537
2392 0.66289 0.14964 0.0195 0.084
2392 0.17981 0.38241 0.02743 0.07621
2392 0.58283 0.3386 0.01704 0.06389
2392 0.436 0.32602 0.02289 0.06473
2392 0.45917 0.31799 0.01947 0.05907
2392 0.7698 0.06836 0.02443 0.07032
2392 0.0067 0.02519 0.01233 0.05038
6315 0.09589 0.19713 0.0116 0.03803
