2392 0.76429 0.24599 0.03157 0.0708
2392 0.55005 0.92842 0.02739 0.04557
2392 0.54236 0.21255 0.02375 0.06275
2392 0.26719 0.4404 0.03316 0.06409
2392 0.88417 0.68396 0.03004 0.05961
2392 0.56002 0.70625 0.02408 0.05471
2392 0.60151 0.65911 0.03206 0.04448
2392 0.3894 0.54482 0.02157 0.06346
2392 0.31216 0.24741 0.02313 0.05839
2392 0.36247 0.5932 0.02619 0.06854
2392 0.47505 0.39799 0.01629 0.05723
2392 0.73879 0.0839 0.03021 0.06243
2392 0.0387 0.01897 0.01654 0.03794
2392 0.966 0.01422 0.01974 0.02843
2392 0.13319 0.18626 0.02461 0.05245
2392 0.83577 0.01218 0.01615 0.02436
2392 0.11144 0.84621 0.02672 0.06622
2392 0.57442 0.37252 0.01841 0.05797
2392 0.56446 0.32628 0.01838 0.05322
2392 0.46459 0.02702 0.0235 0.05404
2392 0.20747 0.14807 0.03482 0.03991
2392 0.31008 0.0115 0.01761 0.02112
2392 0.40636 0.18258 0.01643 0.06329
6315 0.66004 0.38097 0.01287 0.04333
7243 0.92088 0.11547 0.02304 0.06213
7243 0.81584 0.49458 0.0337 0.06738
7243 0.66294 0.79752 0.03773 0.04434
7243 0.34667 0.38706 0.02081 0.04771
7243 0.70843 0.83022 0.01021 0.04018
