2392 0.52178 0.57389 0.02567 0.05375
2392 0.05133 0.23353 0.01248 0.05706
2392 0.79501 0.30724 0.0227 0.05866
2392 0.55367 0.36021 0.01202 0.05693
2392 0.47116 0.03088 0.02098 0.05899
2392 0.20637 0.50601 0.02724 0.06631
2392 0.77399 0.42414 0.02677 0.05847
2392 0.53494 0.43742 0.02389 0.06073
2392 0.69554 0.29079 0.02081 0.07188
2392 0.76213 0.75885 0.01923 0.06218
2392 0.81649 0.63493 0.01433 0.0589
2392 0.71433 0.44483 0.02144 0.07212
2392 0.39474 0.80781 0.02767 0.06018
10896 0.33878 0.90958 0.01526 0.03529
2392 0.20153 0.40445 0.02011 0.07154
2392 0.69653 0.41885 0.01616 0.05344
7243 0.30923 0.52327 0.02518 0.06406
