2392 0.56254 0.0821 0.01047 0.06263
2392 0.6752 0.4045 0.01884 0.05401
2392 0.58703 0.36054 0.01669 0.06163
2392 0.51222 0.03628 0.01673 0.0641
2392 0.26322 0.13444 0.02207 0.06063
2392 0.9447 0.77463 0.01701 0.05415
2392 0.55946 0.72211 0.02195 0.0624
2392 0.17124 0.85039 0.02351 0.07438
2392 0.96342 0.1543 0.02623 0.06016
2392 0.57219 0.07879 0.01279 0.06037
2392 0.76567 0.53174 0.01403 0.067
2392 0.74603 0.70315 0.01483 0.07056
2392 0.54537 0.61335 0.01523 0.05916
2392 0.5119 0.96401 0.01403 0.06343
2392 0.08419 0.61798 0.02165 0.06129
2392 0.09682 0.82253 0.02526 0.0727
6315 0.49182 0.72397 0.01372 0.03866
