2392 0.75795 0.60495 0.02731 0.0638
2392 0.58853 0.71527 0.02435 0.06291
2392 0.93636 0.78132 0.02809 0.06755
2392 0.66159 0.05991 0.03145 0.07738
2392 0.70866 0.22913 0.02127 0.06275
2392 0.51589 0.40896 0.0265 0.06257
2392 0.37931 0.66843 0.0193 0.06103
2392 0.66008 0.5784 0.02428 0.06814
2392 0.32524 0.73224 0.0202 0.06045
2392 0.37595 0.77233 0.02807 0.06869
2392 0.49753 0.31141 0.01869 0.07377
2392 0.78063 0.8591 0.01728 0.06871
2392 0.28743 0.32789 0.02017 0.06719
2392 0.82335 0.12832 0.02667 0.06028
2392 0.11238 0.21298 0.02412 0.05654
2392 0.09511 0.88327 0.02452 0.06292
2392 0.83646 0.56251 0.02279 0.06004
2392 0.62004 0.37924 0.0175 0.05464
2392 0.61107 0.31071 0.02158 0.05423
2392 0.7094 0.3703 0.02905 0.05415
2392 0.38576 0.13657 0.03799 0.06575
2392 0.57073 0.8461 0.0294 0.0507
2392 0.90134 0.73643 0.02646 0.07053
2392 0.71337 0.93442 0.02967 0.06382
2392 0.70684 0.43188 0.03259 0.05455
2392 0.10606 0.59605 0.02251 0.0591
2392 0.8881 0.13316 0.02154 0.07428
2392 0.71708 0.4877 0.01821 0.06304
2392 0.24707 0.41649 0.02602 0.06173
2392 0.97432 0.0766 0.02401 0.06111
2392 0.94825 0.1731 0.02707 0.04706
2392 0.28906 0.1673 0.02027 0.063
2392 0.0788 0.16908 0.02336 0.05408
2392 0.98529 0.29506 0.02563 0.06296
2392 0.78906 0.3539 0.02205 0.06407
2392 0.97927 0.38015 0.01872 0.06602
2392 0.46671 0.56015 0.02339 0.05779
2392 0.17653 0.34293 0.01799 0.06781
2392 0.46331 0.25564 0.02256 0.06816
2392 0.11108 0.65628 0.02608 0.0665
2392 0.59004 0.03365 0.01616 0.06729
2392 0.16204 0.78162 0.02243 0.06216
2392 0.19223 0.05755 0.02524 0.06809
2392 0.58157 0.57421 0.04573 0.0528
2392 0.50411 0.2152 0.02232 0.06804
2392 0.06715 0.96673 0.02581 0.06119
2392 0.57979 0.15259 0.02622 0.06646
10896 0.83141 0.08372 0.02068 0.05002
2392 0.73628 0.07449 0.02338 0.06191
2392 0.26024 0.55674 0.01901 0.06038
2392 0.38876 0.20768 0.01806 0.05579
2392 0.87104 0.62722 0.0247 0.05148
2392 0.19762 0.24468 0.01719 0.07071
2392 0.0782 0.26936 0.01894 0.0665
2392 0.44297 0.21497 0.01995 0.05276
2392 0.13505 0.72995 0.02252 0.05289
2392 0.60318 0.01757 0.01625 0.03515
2392 0.84582 0.42167 0.02321 0.06348
2392 0.40566 0.01343 0.01729 0.02646
2392 0.24546 0.17361 0.02059 0.05314
2392 0.75385 0.26906 0.03751 0.04345
2392 0.61789 0.10359 0.01989 0.06783
2392 0.76698 0.29551 0.01898 0.05789
2392 0.88726 0.26182 0.01573 0.04386
2392 0.53365 0.74369 0.02448 0.06475
2392 0.96406 0.03178 0.02738 0.03178
2392 0.38532 0.24926 0.02366 0.05609
2392 0.426 0.49154 0.01918 0.06399
2392 0.56628 0.2548 0.01443 0.05524
2392 0.24755 0.04619 0.02413 0.05505
2392 0.29404 0.24937 0.02237 0.06584
2392 0.79852 0.25132 0.02181 0.06721
2392 0.18921 0.44863 0.02594 0.06324
2392 0.05581 0.12793 0.01917 0.06213
2392 0.1212 0.17602 0.02067 0.0648
2392 0.26758 0.16834 0.02105 0.06146
2392 0.26852 0.23581 0.02593 0.0668
2392 0.24259 0.29493 0.02217 0.06346
2392 0.16442 0.39346 0.02368 0.06547
2392 0.15164 0.51471 0.02292 0.06747
2392 0.56297 0.01937 0.02105 0.03874
2392 0.48029 0.29192 0.01729 0.06012
2392 0.39367 0.41083 0.01691 0.06012
2392 0.41452 0.43488 0.02405 0.06547
2392 0.26984 0.52773 0.01578 0.05478
2392 0.76681 0.03941 0.02668 0.07482
2392 0.98252 0.11924 0.02743 0.06613
2392 0.9331 0.21677 0.02255 0.07014
2392 0.96918 0.20942 0.03082 0.05277
2392 0.88838 0.57581 0.0233 0.05879
2392 0.54113 0.68703 0.0233 0.06213
2392 0.798 0.83634 0.02368 0.06814
2392 0.57458 0.90147 0.01954 0.06613
2392 0.54075 0.86339 0.01729 0.05277
2392 0.36821 0.96853 0.02329 0.06294
7243 0.42239 0.7204 0.02364 0.05939
7243 0.11198 0.97028 0.02651 0.05943
7243 0.01353 0.34236 0.01278 0.04877
