2392 0.73612 0.18303 0.02051 0.05574
5121 0.70297 0.68155 0.02613 0.07252
2392 0.06577 0.17544 0.02456 0.05182
2392 0.48631 0.23349 0.02543 0.05128
2392 0.53921 0.63114 0.02082 0.05279
2392 0.09033 0.44897 0.01212 0.05575
10896 0.94365 0.39308 0.01984 0.03325
2392 0.46937 0.15211 0.01566 0.0584
10896 0.56183 0.24514 0.01872 0.05161
2392 0.61723 0.16569 0.01643 0.06655
2392 0.62239 0.45534 0.01605 0.04828
10896 0.85883 0.20473 0.01184 0.04414
6315 0.92129 0.82616 0.00917 0.01901
6315 0.45364 0.46016 0.00611 0.0258
7243 0.11252 0.94602 0.02254 0.06451
7243 0.13277 0.98268 0.01643 0.03463
7243 0.77697 0.84344 0.00351 0.00089
7243 0.5127 0.62286 0.0593 0.01622
