10896 0.61915 0.15324 0.01546 0.03375
10896 0.51396 0.67408 0.01651 0.0444
6315 0.04412 0.6939 0.01535 0.05267
6315 0.01159 0.16305 0.02318 0.04583
10896 0.15584 0.36486 0.01109 0.04165
10896 0.25718 0.68114 0.01415 0.04528
10896 0.5441 0.47473 0.0164 0.04188
10896 0.19933 0.28371 0.01614 0.05013
2392 0.81068 0.10638 0.01545 0.0533
10896 0.40493 0.40859 0.01255 0.03736
10896 0.1383 0.24445 0.02597 0.03277
6315 0.30632 0.49091 0.00677 0.02675
6315 0.18176 0.45713 0.00828 0.02608
6315 0.7569 0.23275 0.00753 0.02809
6315 0.69951 0.27789 0.01016 0.02608
6315 0.52302 0.55825 0.00564 0.0194
6315 0.54091 0.00845 0.01572 0.01689
