2392 0.13212 0.30174 0.01917 0.05998
2392 0.79957 0.16985 0.02037 0.06333
10896 0.95529 0.06552 0.02155 0.03417
2392 0.43695 0.27281 0.02181 0.06597
2392 0.94639 0.16288 0.01854 0.05107
10896 0.12408 0.03037 0.0261 0.0497
2392 0.74285 0.58632 0.01784 0.07184
2392 0.2988 0.04857 0.02126 0.07611
2392 0.08168 0.07047 0.02253 0.07053
2392 0.91738 0.77005 0.03668 0.04541
2392 0.33521 0.39351 0.01683 0.05555
2392 0.02855 0.17336 0.02254 0.06755
2392 0.85989 0.05417 0.02228 0.07011
2392 0.33621 0.47736 0.02829 0.07171
2392 0.26465 0.01188 0.01823 0.02376
2392 0.36617 0.47814 0.0262 0.06547
10896 0.07884 0.26318 0.01317 0.0408
6315 0.30143 0.22439 0.00903 0.03143
6315 0.68954 0.05852 0.02408 0.05551
6315 0.45114 0.74686 0.01091 0.03277
7243 0.33601 0.02992 0.02222 0.05397
7243 0.44113 0.59906 0.01456 0.05442
7243 0.96444 0.80872 0.02371 0.05484
