6315 0.40773 0.28649 0.00532 0.01713
6315 0.75555 0.30385 0.01161 0.02334
6315 0.78508 0.30268 0.00909 0.02638
6315 0.76641 0.36084 0.01615 0.02244
6315 0.79442 0.50759 0.0106 0.02334
6315 0.70103 0.51836 0.00757 0.02513
6315 0.96808 0.10347 0.01794 0.02448
6315 0.95891 0.39535 0.0121 0.02819
6315 0.92532 0.38052 0.01418 0.0267
6315 0.68334 0.69959 0.00751 0.02225
6315 0.74864 0.80974 0.00793 0.02151
6315 0.58801 0.75671 0.0096 0.02374
6315 0.32316 0.49951 0.01418 0.02299
7243 0.88579 0.13018 0.0106 0.02782
