10896 0.87883 0.28766 0.03859 0.091
10896 0.72673 0.05785 0.02027 0.07121
10896 0.86069 0.44229 0.02495 0.06877
2351 0.32136 0.41384 0.03814 0.09449
10896 0.52451 0.64908 0.03035 0.07694
10896 0.18091 0.65037 0.02849 0.07981
10896 0.48832 0.91416 0.03669 0.07884
10896 0.67312 0.72426 0.04313 0.07142
10896 0.52273 0.78191 0.03047 0.07282
6315 0.97656 0.10949 0.02245 0.05042
10896 0.03608 0.96509 0.02824 0.06846
6315 0.22617 0.6631 0.0152 0.04802
10896 0.53775 0.8652 0.02941 0.07541
2351 0.56759 0.19723 0.02828 0.08359
10896 0.20986 0.80761 0.02657 0.08724
10896 0.2604 0.3487 0.02984 0.09617
10896 0.32619 0.34842 0.02232 0.07522
5953 0.9286 0.82165 0.04169 0.10174
10896 0.75528 0.53012 0.01899 0.04767
10896 0.8092 0.45701 0.04108 0.04586
6315 0.48073 0.73254 0.0251 0.06022
10896 0.84512 0.93734 0.02884 0.07795
10896 0.11022 0.4789 0.03211 0.09285
10896 0.8924 0.81027 0.02919 0.08644
6315 0.45572 0.58859 0.0084 0.03844
10896 0.13766 0.49511 0.03344 0.09026
