6315 0.28225 0.70782 0.01912 0.04669
10896 0.20067 0.72144 0.02769 0.07497
2351 0.36385 0.6269 0.03084 0.08068
10896 0.01821 0.13176 0.02867 0.08505
2351 0.73968 0.68368 0.03998 0.04744
2351 0.62062 0.44432 0.03355 0.08823
2351 0.30242 0.03165 0.02965 0.06329
10896 0.29986 0.47592 0.03141 0.08565
2351 0.64511 0.33567 0.02942 0.08992
6315 0.97546 0.15769 0.01808 0.03426
2351 0.28863 0.96797 0.03804 0.06157
10896 0.47698 0.02063 0.02325 0.04126
2351 0.63673 0.07887 0.03076 0.0775
2351 0.61887 0.12573 0.03186 0.08716
10896 0.22011 0.54056 0.02222 0.0784
10896 0.33908 0.97381 0.02512 0.05076
10896 0.33966 0.46803 0.02113 0.06329
2351 0.46918 0.27472 0.0244 0.07637
6315 0.24648 0.9253 0.02574 0.05607
10896 0.72841 0.00986 0.02823 0.01972
2351 0.44927 0.03022 0.02182 0.06043
6315 0.42326 0.64147 0.01585 0.04352
