5953 0.65284 0.8861 0.03929 0.10244
2351 0.38104 0.42401 0.04182 0.09552
6315 0.17318 0.25651 0.01024 0.03722
10896 0.11421 0.2011 0.03196 0.07866
10896 0.69144 0.08593 0.03946 0.08894
10896 0.93848 0.08023 0.02434 0.0584
10896 0.1439 0.65839 0.02576 0.07468
10896 0.47468 0.53449 0.02533 0.07213
2351 0.41251 0.14049 0.03084 0.09313
10896 0.87068 0.6496 0.02411 0.0693
6315 0.1992 0.88269 0.01723 0.04873
10896 0.9538 0.35818 0.02602 0.09011
10896 0.09355 0.47381 0.02817 0.08279
10896 0.65187 0.63808 0.02707 0.0747
2351 0.20121 0.42145 0.02763 0.08398
10896 0.17301 0.46731 0.04223 0.08768
2351 0.7081 0.40669 0.03292 0.09834
5953 0.98575 0.68291 0.02849 0.09172
