4 0.28323 0.55892 0.03871 0.08279
4 0.06573 0.25458 0.0243 0.08582
4 0.61334 0.66467 0.0361 0.08982
4 0.76209 0.2962 0.03877 0.0718
4 0.04036 0.48279 0.03215 0.08615
4 0.80957 0.0485 0.03361 0.07349
4 0.37512 0.35212 0.02218 0.07665
2 0.5421 0.20642 0.03452 0.11843
2 0.87679 0.52393 0.05076 0.0988
4 0.07739 0.77275 0.02223 0.07753
4 0.59764 0.39622 0.03334 0.08401
4 0.76798 0.11121 0.02959 0.07681
4 0.37993 0.06276 0.02963 0.08241
4 0.30101 0.77418 0.02396 0.07935
4 0.75597 0.3715 0.02561 0.07844
4 0.39852 0.03292 0.02563 0.06334
4 0.22671 0.26452 0.02463 0.07983
4 0.57592 0.38528 0.02536 0.06259
4 0.36249 0.62984 0.02002 0.06788
4 0.14974 0.1573 0.02334 0.0726
4 0.01174 0.03455 0.02345 0.05954
4 0.15431 0.04176 0.02588 0.07551
