2 0.93895 0.66697 0.04918 0.0987
4 0.25089 0.03204 0.03512 0.06378
4 0.06852 0.17745 0.02807 0.07246
4 0.6348 0.47758 0.02574 0.06997
4 0.83459 0.46973 0.03444 0.08811
4 0.21308 0.07646 0.02299 0.08731
4 0.49302 0.04078 0.02527 0.06723
4 0.96348 0.74706 0.02584 0.06122
4 0.35141 0.11086 0.03032 0.10146
4 0.8652 0.0348 0.02705 0.06281
4 0.28567 0.18055 0.02757 0.08126
4 0.39669 0.27051 0.02789 0.07914
4 0.30774 0.71238 0.03212 0.07897
4 0.97696 0.45846 0.02215 0.0792
4 0.61741 0.73359 0.02492 0.06756
4 0.36333 0.23109 0.02777 0.07674
4 0.2184 0.69898 0.02794 0.07992
4 0.60908 0.33529 0.04588 0.06168
4 0.45698 0.88679 0.03736 0.08391
4 0.93669 0.07375 0.03382 0.0558
4 0.92899 0.45585 0.0248 0.08096
4 0.56249 0.32417 0.03001 0.08088
4 0.10049 0.10492 0.02899 0.07881
4 0.57333 0.1341 0.03435 0.08504
4 0.81742 0.40559 0.02682 0.07702
4 0.13515 0.39358 0.02672 0.09059
4 0.91561 0.05434 0.02918 0.06551
4 0.57408 0.80772 0.02592 0.08328
4 0.59334 0.1613 0.03257 0.08134
4 0.59615 0.38326 0.0253 0.0748
4 0.32283 0.35158 0.025 0.07273
4 0.79905 0.3718 0.02876 0.08183
4 0.50461 0.02666 0.02059 0.05331
