4 0.36078 0.17978 0.02684 0.0829
4 0.26336 0.58563 0.04332 0.08095
4 0.52745 0.75753 0.02181 0.06733
4 0.69422 0.44662 0.01918 0.0731
4 0.57347 0.43911 0.02209 0.07818
4 0.35472 0.38128 0.03528 0.06758
4 0.49409 0.20057 0.03168 0.08012
4 0.8352 0.66598 0.02855 0.08354
4 0.67694 0.59433 0.02562 0.081
4 0.67641 0.06131 0.02499 0.09314
2 0.5285 0.12231 0.03399 0.11694
4 0.30695 0.39056 0.02629 0.07963
4 0.76975 0.09792 0.03524 0.07731
4 0.26344 0.06377 0.02573 0.07082
4 0.37187 0.51965 0.02103 0.07268
4 0.33471 0.33454 0.02819 0.07472
4 0.50629 0.13251 0.02218 0.08221
4 0.46019 0.15667 0.02317 0.07439
4 0.35353 0.53227 0.02793 0.08284
5 0.30712 0.05431 0.02917 0.09222
