2 0.65106 0.48985 0.04402 0.10191
4 0.89056 0.71235 0.05124 0.05977
4 0.20791 0.03962 0.02206 0.07408
4 0.72472 0.90077 0.03528 0.07974
4 0.64558 0.65954 0.02136 0.06215
4 0.39654 0.27343 0.02942 0.07648
4 0.22138 0.1556 0.02687 0.08643
4 0.77729 0.29151 0.0386 0.09724
4 0.258 0.018 0.02429 0.03599
4 0.62072 0.26731 0.02272 0.08807
4 0.61725 0.093 0.02912 0.06794
4 0.67653 0.10926 0.02712 0.09691
4 0.6535 0.18686 0.02414 0.07454
4 0.37783 0.38905 0.03052 0.099
4 0.06787 0.29787 0.02719 0.076
4 0.60286 0.15117 0.01743 0.06505
4 0.78153 0.77913 0.01864 0.05407
4 0.39778 0.42003 0.02193 0.07826
