2392 0.21198 0.44264 0.01875 0.06862
2392 0.73093 0.20237 0.02413 0.06165
2392 0.41152 0.41944 0.01804 0.05976
2392 0.50039 0.31758 0.01706 0.06361
2392 0.2919 0.75071 0.02031 0.06886
2392 0.54181 0.08864 0.0178 0.06551
2392 0.75949 0.31186 0.01971 0.06404
2392 0.46973 0.43197 0.01661 0.054
2392 0.4854 0.05836 0.02895 0.0515
2392 0.79608 0.06883 0.0199 0.06287
2392 0.7029 0.04422 0.01677 0.06485
2392 0.02426 0.31931 0.02115 0.05899
2392 0.48923 0.22197 0.02032 0.06489
2392 0.56327 0.10877 0.01991 0.06563
2392 0.6773 0.38974 0.01659 0.05678
2392 0.74699 0.40559 0.01991 0.06489
2392 0.84446 0.53317 0.01825 0.06637
2392 0.84384 0.69986 0.02447 0.05457
