2392 0.1349 0.26299 0.01884 0.06272
2392 0.22425 0.54958 0.01808 0.05331
2392 0.36889 0.41356 0.0172 0.05723
2392 0.40858 0.45236 0.01896 0.05645
2392 0.42227 0.01711 0.02205 0.03421
2392 0.55818 0.06022 0.01483 0.06058
2392 0.6536 0.0866 0.01323 0.06343
2392 0.66843 0.1037 0.01564 0.05488
2392 0.62252 0.22201 0.01363 0.06058
2392 0.65279 0.43155 0.01884 0.0449
2392 0.80175 0.32286 0.01724 0.06129
2392 0.80917 0.59696 0.02005 0.06201
2392 0.78532 0.58484 0.01564 0.06058
2392 0.65001 0.59767 0.02486 0.04633
2392 0.69291 0.88775 0.02887 0.0506
2392 0.67166 0.90307 0.02325 0.06557
2392 0.5578 0.74342 0.03047 0.05559
