2392 0.13212 0.30174 0.01917 0.05998
2392 0.79957 0.16985 0.02037 0.06333
2392 0.43695 0.27281 0.02181 0.06597
2392 0.94639 0.16288 0.01854 0.05107
2392 0.74285 0.58632 0.01784 0.07184
2392 0.2988 0.04857 0.02126 0.07611
2392 0.08168 0.07047 0.02253 0.07053
2392 0.91738 0.77005 0.03668 0.04541
2392 0.33521 0.39351 0.01683 0.05555
2392 0.02855 0.17336 0.02254 0.06755
2392 0.85989 0.05417 0.02228 0.07011
2392 0.33621 0.47736 0.02829 0.07171
2392 0.26465 0.01188 0.01823 0.02376
2392 0.36617 0.47814 0.0262 0.06547
