2991 0.61601 0.91013 0.10333 0.145
2991 0.55733 0.21158 0.03509 0.07908
2991 0.47852 0.45225 0.06183 0.0634
7243 0.62518 0.29337 0.08494 0.165
7243 0.46554 0.81074 0.07577 0.12197
7243 0.1333 0.07139 0.04382 0.13643
7243 0.30114 0.74265 0.04099 0.08256
7243 0.77213 0.63041 0.03459 0.06279
7243 0.66951 0.7698 0.05006 0.07041
7243 0.45128 0.0371 0.03216 0.07419
7243 0.08542 0.42286 0.10301 0.33224
7243 0.44645 0.95896 0.03602 0.05661
7243 0.34969 0.19727 0.03592 0.10177
7243 0.01348 0.93399 0.02478 0.05595
