2991 0.05683 0.83437 0.02606 0.05122
6315 0.25853 0.06303 0.01248 0.04018
10896 0.59193 0.50176 0.03843 0.08897
10896 0.46038 0.14617 0.0299 0.10527
10896 0.24558 0.67888 0.02137 0.06201
10896 0.22799 0.45993 0.02577 0.08664
10896 0.01891 0.11569 0.0222 0.08328
10896 0.03247 0.78126 0.02138 0.04327
10896 0.86561 0.2139 0.04542 0.05945
10896 0.91031 0.88582 0.03568 0.06039
10896 0.35692 0.97992 0.03302 0.03692
10896 0.51075 0.24815 0.02504 0.09418
10896 0.75622 0.69672 0.0291 0.03691
10896 0.90295 0.16787 0.0277 0.07833
10896 0.48165 0.24345 0.02977 0.06252
10896 0.71072 0.42176 0.02885 0.09488
10896 0.75307 0.73185 0.02935 0.04785
