5953 0.34764 0.68695 0.0316 0.08797
3031 0.23663 0.26415 0.01555 0.04953
10896 0.43937 0.4941 0.02052 0.04953
7243 0.83241 0.47836 0.011 0.03942
7243 0.49656 0.21812 0.01539 0.05855
7243 0.59353 0.39624 0.01342 0.05518
7243 0.68994 0.15435 0.02073 0.0497
7243 0.48168 0.43124 0.01151 0.04333
7243 0.74744 0.09781 0.01229 0.04317
7243 0.11909 0.04127 0.01928 0.04717
7243 0.09764 0.21167 0.01368 0.04127
7243 0.44683 0.28774 0.0143 0.04717
7243 0.36256 0.80601 0.01119 0.03656
7243 0.67724 0.12736 0.01617 0.03774
