10896 0.90905 0.45406 0.02673 0.06685
10896 0.14729 0.56257 0.02444 0.06606
10896 0.03457 0.11625 0.02786 0.07658
10896 0.52647 0.06267 0.02004 0.04732
10896 0.43165 0.69902 0.01493 0.04329
10896 0.373 0.20365 0.02603 0.07803
10896 0.77359 0.41761 0.04276 0.05325
10896 0.74139 0.01396 0.01461 0.02792
10896 0.66942 0.05363 0.01733 0.05523
10896 0.38645 0.98434 0.02051 0.03123
10896 0.61735 0.10002 0.02331 0.06171
7243 0.48898 0.30797 0.04003 0.06911
7243 0.55082 0.50345 0.01506 0.03295
7243 0.0856 0.0996 0.01214 0.03792
7243 0.36449 0.00889 0.06553 0.01778
7243 0.70278 0.84329 0.01661 0.03009
