10896 0.93831 0.88162 0.01949 0.05161
10896 0.7462 0.02458 0.03264 0.04669
10896 0.126 0.13463 0.02659 0.06044
10896 0.15105 0.25384 0.03306 0.06838
10896 0.35353 0.28713 0.02516 0.0546
10896 0.15494 0.57939 0.02368 0.07039
10896 0.05455 0.54963 0.0301 0.04233
10896 0.44913 0.93756 0.02064 0.06226
10896 0.0514 0.16514 0.0197 0.05093
10896 0.41612 0.11539 0.02151 0.05629
10896 0.14341 0.29802 0.03147 0.06828
10896 0.81772 0.62208 0.03008 0.05305
6315 0.31905 0.20678 0.03413 0.08744
10896 0.5538 0.2912 0.02534 0.05858
10896 0.20769 0.02838 0.02022 0.05584
10896 0.23587 0.03845 0.02337 0.05596
10896 0.71251 0.30078 0.0218 0.04821
10896 0.24849 0.11323 0.03596 0.05703
10896 0.09422 0.61355 0.02626 0.05139
10896 0.411 0.2477 0.01925 0.05508
10896 0.79428 0.03538 0.02256 0.06424
10896 0.29464 0.41382 0.02249 0.06616
10896 0.98075 0.60237 0.02529 0.05392
10896 0.29472 0.06095 0.02923 0.05166
10896 0.6001 0.16288 0.0263 0.07887
10896 0.34498 0.07924 0.03018 0.05196
10896 0.05005 0.38241 0.02163 0.05665
10896 0.87456 0.9643 0.01881 0.05765
10896 0.1823 0.17759 0.01915 0.05369
10896 0.56095 0.21493 0.02565 0.06926
10896 0.20246 0.12322 0.02589 0.06926
10896 0.5595 0.35115 0.02054 0.05372
10896 0.29484 0.7191 0.02818 0.06442
10896 0.49591 0.16238 0.02056 0.05737
10896 0.5438 0.68058 0.0151 0.05238
10896 0.29951 0.0238 0.02586 0.04502
10896 0.4879 0.66268 0.01765 0.05331
6315 0.82908 0.98574 0.02026 0.02604
10896 0.89787 0.9594 0.02582 0.06509
10896 0.9933 0.56154 0.0134 0.04426
10896 0.95506 0.05734 0.01405 0.05269
10896 0.98725 0.04804 0.01699 0.06633
10896 0.94183 0.06013 0.02026 0.07067
10896 0.66568 0.06416 0.02222 0.07377
10896 0.68229 0.02136 0.02131 0.04273
10896 0.52554 0.0154 0.01299 0.02925
10896 0.5507 0.24664 0.03069 0.05682
10896 0.53535 0.18027 0.01719 0.06381
10896 0.54493 0.14604 0.02701 0.06148
10896 0.76112 0.3165 0.02185 0.07545
10896 0.80556 0.38939 0.02382 0.05729
10896 0.58113 0.48766 0.02603 0.04238
10896 0.59931 0.38842 0.01961 0.06312
10896 0.27607 0.25683 0.0202 0.07382
10896 0.2396 0.37561 0.02882 0.07157
10896 0.1888 0.1485 0.02882 0.03325
10896 0.10339 0.46718 0.02377 0.05523
10896 0.19161 0.82531 0.03689 0.04992
10896 0.39179 0.07114 0.01931 0.05635
10896 0.42996 0.0324 0.02377 0.06255
10896 0.2165 0.051 0.02109 0.07157
7243 0.92613 0.95069 0.03525 0.05616
7243 0.54999 0.0587 0.0209 0.05735
7243 0.05229 0.30826 0.03387 0.03269
7243 0.07041 0.33221 0.03506 0.03325
