10896 0.01563 0.11379 0.03126 0.04246
10896 0.41638 0.02902 0.01705 0.05804
10896 0.20557 0.8071 0.0429 0.09321
10896 0.57388 0.3802 0.0356 0.10367
10896 0.14894 0.77499 0.0222 0.06783
10896 0.63777 0.89704 0.02819 0.08086
10896 0.89849 0.57242 0.03388 0.07858
10896 0.33838 0.49652 0.02419 0.0645
10896 0.09206 0.16882 0.02721 0.08477
10896 0.4522 0.2159 0.02599 0.0767
10896 0.37409 0.12465 0.0249 0.08776
10896 0.5797 0.01676 0.01717 0.0334
10896 0.4067 0.63115 0.03146 0.09434
10896 0.72253 0.16015 0.03365 0.09822
10896 0.93139 0.24008 0.03351 0.08532
10896 0.4771 0.05414 0.01952 0.08071
10896 0.42729 0.65925 0.03261 0.0826
10896 0.23595 0.94964 0.03613 0.07037
10896 0.44835 0.73474 0.02772 0.09106
10896 0.46175 0.78286 0.02418 0.0513
6315 0.02771 0.88122 0.01273 0.04284
7243 0.9298 0.98081 0.01796 0.03797
7243 0.35129 0.9791 0.02728 0.0418
