10896 0.17168 0.28203 0.01529 0.05241
10896 0.30556 0.92179 0.02783 0.04333
6315 0.58235 0.20214 0.0259 0.07231
2991 0.50959 0.81984 0.01873 0.0434
10896 0.85417 0.71528 0.01391 0.03899
10896 0.50103 0.30905 0.01457 0.04232
5121 0.61143 0.79177 0.03306 0.08707
10896 0.80781 0.29585 0.01755 0.04225
2991 0.36081 0.22542 0.01443 0.04484
6315 0.42816 0.38262 0.01897 0.04491
6315 0.99194 0.61799 0.01613 0.07918
6315 0.93027 0.2005 0.02141 0.03861
6315 0.91718 0.19726 0.02418 0.07181
7243 0.48911 0.23337 0.03535 0.05871
