5953 0.24364 0.82518 0.04662 0.09157
10896 0.10902 0.02581 0.02678 0.05162
2351 0.70606 0.04356 0.03023 0.0772
10896 0.92291 0.6438 0.02989 0.06456
2351 0.71409 0.3519 0.02858 0.07756
10896 0.90116 0.85166 0.02848 0.07599
10896 0.84475 0.78304 0.02842 0.09162
10896 0.98634 0.05737 0.02685 0.05751
2351 0.60517 0.10673 0.02542 0.0898
6315 0.64458 0.3869 0.04297 0.08273
6315 0.07578 0.70759 0.01125 0.03667
10896 0.98401 0.43035 0.01429 0.04269
6315 0.13164 0.16071 0.02027 0.04785
10896 0.08914 0.46741 0.01356 0.03654
5953 0.60985 0.02272 0.0281 0.0442
6315 0.07362 0.46985 0.01606 0.03655
10896 0.64134 0.22013 0.016 0.03728
6315 0.65081 0.31223 0.04542 0.07778
10896 0.00882 0.6207 0.01765 0.06218
6315 0.74345 0.38195 0.01542 0.03734
10896 0.24391 0.69688 0.01096 0.02579
