5953 0.72898 0.96102 0.07353 0.07784
10896 0.91516 0.31947 0.01702 0.04192
2351 0.71542 0.19828 0.02551 0.07788
2351 0.6841 0.34348 0.034 0.03984
2351 0.48323 0.97474 0.02034 0.05053
5121 0.30569 0.21327 0.03164 0.08332
2351 0.13456 0.46224 0.02373 0.06824
2351 0.0041 0.56401 0.00821 0.05978
7243 0.93551 0.05988 0.01891 0.06244
7243 0.09027 0.27781 0.01493 0.02789
7243 0.7944 0.05473 0.01291 0.04169
7243 0.3801 0.01124 0.01645 0.02249
7243 0.03867 0.96807 0.02195 0.03999
7243 0.7994 0.87261 0.01544 0.03549
7243 0.87226 0.17883 0.00956 0.03463
7243 0.99066 0.31426 0.01869 0.0355
7243 0.39704 0.17191 0.01908 0.04562
7243 0.41246 0.16051 0.01019 0.02281
7243 0.35627 0.14737 0.01385 0.03025
7243 0.35235 0.1191 0.01019 0.01934
7243 0.28061 0.17216 0.01673 0.03124
