10896 0.10501 0.55988 0.01563 0.04497
5121 0.96435 0.6579 0.05139 0.08081
10896 0.5917 0.16491 0.02352 0.04006
10896 0.9756 0.18183 0.02302 0.0745
10896 0.86059 0.09714 0.01649 0.04669
10896 0.39262 0.01867 0.0123 0.03735
10896 0.22794 0.34076 0.01454 0.04315
10896 0.40888 0.96729 0.01253 0.04392
10896 0.27223 0.32222 0.01775 0.04813
10896 0.24868 0.31713 0.0205 0.04352
7243 0.35747 0.49459 0.02553 0.02597
7243 0.43144 0.33588 0.01652 0.04859
7243 0.95968 0.024 0.02039 0.03799
7243 0.40874 0.68804 0.02456 0.06218
7243 0.95007 0.30571 0.0159 0.04613
7243 0.35023 0.62922 0.01597 0.03673
7243 0.91846 0.29035 0.01749 0.06006
7243 0.63154 0.47728 0.01079 0.0383
7243 0.07242 0.95082 0.01338 0.02958
7243 0.3868 0.84375 0.01318 0.02824
7243 0.81209 0.48866 0.01611 0.03843
