10896 0.93751 0.19191 0.02262 0.05787
6315 0.01083 0.50497 0.02106 0.07481
6315 0.97226 0.87491 0.01808 0.05255
10896 0.86433 0.1857 0.02944 0.06395
6315 0.54382 0.26773 0.01637 0.06521
10896 0.49001 0.12942 0.01798 0.05413
10896 0.90739 0.24032 0.02007 0.0561
6315 0.50946 0.43424 0.02243 0.06845
10896 0.3975 0.48428 0.02443 0.07334
6315 0.58873 0.48914 0.0212 0.05332
10896 0.43675 0.11384 0.02453 0.06678
10896 0.72685 0.38244 0.01919 0.04633
6315 0.83339 0.45251 0.0368 0.07574
10896 0.29335 0.04609 0.02623 0.05789
10896 0.9923 0.23811 0.01539 0.04485
10896 0.81215 0.7425 0.01603 0.04965
10896 0.50823 0.68638 0.02739 0.07506
10896 0.45494 0.92804 0.01792 0.06474
10896 0.51887 0.51597 0.0209 0.0535
6315 0.28633 0.11182 0.01887 0.05735
6315 0.26907 0.46266 0.01826 0.05774
6315 0.06818 0.83629 0.01277 0.03325
