10896 0.83165 0.11561 0.03278 0.08354
10896 0.04333 0.23794 0.02483 0.09363
5953 0.01672 0.0911 0.03003 0.10677
10896 0.04634 0.67069 0.02731 0.07555
10896 0.97215 0.67552 0.02661 0.0618
10896 0.53534 0.26135 0.03945 0.09271
10896 0.0971 0.05474 0.02275 0.0804
10896 0.26145 0.91741 0.03743 0.08829
10896 0.74039 0.15761 0.02049 0.08178
5953 0.70305 0.68826 0.03728 0.09899
10896 0.9858 0.59465 0.02838 0.09693
10896 0.98609 0.2518 0.02656 0.0793
10896 0.78847 0.45382 0.04003 0.07479
6315 0.22994 0.33929 0.02679 0.07741
10896 0.62335 0.7606 0.0417 0.084
10896 0.57707 0.16133 0.03237 0.09598
10896 0.77061 0.11265 0.03399 0.07953
10896 0.47525 0.04079 0.02561 0.08158
10896 0.44339 0.09639 0.02607 0.07479
10896 0.86668 0.78273 0.02072 0.0669
10896 0.42425 0.22657 0.02161 0.06533
10896 0.77639 0.81277 0.03191 0.09571
10896 0.93409 0.25211 0.03045 0.09167
10896 0.22023 0.03668 0.02377 0.07337
10896 0.10119 0.27317 0.04127 0.05955
10896 0.21345 0.27547 0.03267 0.08464
10896 0.95356 0.02673 0.03169 0.04832
10896 0.49091 0.16851 0.02858 0.09049
2991 0.31832 0.08126 0.02757 0.0572
10896 0.76556 0.03286 0.02464 0.06557
10896 0.23341 0.02224 0.01784 0.03707
10896 0.96495 0.23134 0.01717 0.04749
10896 0.8567 0.48696 0.02843 0.06908
7243 0.1784 0.07099 0.02502 0.07849
7243 0.03153 0.19686 0.001 0.01266
7243 0.4883 0.83548 0.00634 0.00366
