6714 0.85827 0.1626 0.06933 0.07386
5953 0.15569 0.58419 0.03766 0.08984
5953 0.79167 0.9476 0.03419 0.10188
5953 0.32335 0.34003 0.0374 0.11518
2991 0.90711 0.33177 0.02181 0.04613
10896 0.20933 0.51044 0.03346 0.06116
5953 0.10254 0.96207 0.03504 0.07587
6315 0.99081 0.44791 0.01758 0.07356
10896 0.04148 0.08599 0.01664 0.05599
10896 0.21094 0.74951 0.02247 0.02494
2991 0.89242 0.88026 0.02201 0.03131
6315 0.08983 0.02307 0.0204 0.04483
2991 0.79193 0.5855 0.01981 0.05122
6315 0.76551 0.15287 0.0227 0.05446
2991 0.73315 0.20148 0.02034 0.05934
2991 0.70759 0.29847 0.01201 0.05127
6315 0.02282 0.85261 0.01623 0.04271
6315 0.06735 0.9483 0.01776 0.04684
2991 0.14609 0.69267 0.02227 0.06243
6315 0.55706 0.20321 0.0162 0.04437
6315 0.57871 0.17818 0.02036 0.02469
6315 0.00934 0.27313 0.01735 0.08925
7243 0.26421 0.11599 0.02333 0.06975
