10896 0.47239 0.4362 0.02609 0.06002
10896 0.22643 0.11372 0.02222 0.07842
10896 0.96044 0.17186 0.03898 0.10292
6315 0.4769 0.15424 0.03397 0.05536
3031 0.25336 0.81371 0.02093 0.06645
6315 0.61923 0.62148 0.03675 0.07028
6315 0.05645 0.72858 0.01927 0.06824
6315 0.22633 0.85109 0.02925 0.07472
6315 0.18786 0.24445 0.02292 0.07778
6315 0.52711 0.03022 0.01968 0.06044
3031 0.23755 0.31042 0.03008 0.07041
6315 0.06982 0.25024 0.02074 0.05167
6315 0.32672 0.29031 0.02988 0.06205
6315 0.86661 0.03608 0.02751 0.06428
6315 0.2501 0.35768 0.02448 0.06316
6315 0.28827 0.85091 0.01754 0.05226
6315 0.49756 0.02506 0.03181 0.0448
6315 0.51375 0.01571 0.01743 0.03143
6315 0.93742 0.13403 0.02584 0.06893
6315 0.7537 0.29947 0.02423 0.07353
7243 0.28728 0.20282 0.03023 0.06216
