5121 0.91044 0.11036 0.04591 0.0936
5953 0.38395 0.84475 0.0413 0.10438
5953 0.65726 0.75025 0.04387 0.09741
5953 0.31794 0.33007 0.04118 0.09186
5953 0.78421 0.79003 0.04389 0.09779
5953 0.19378 0.4124 0.03616 0.10361
6315 0.5147 0.125 0.02326 0.06074
5953 0.62176 0.66946 0.05578 0.07184
2991 0.13798 0.96436 0.06311 0.07128
5953 0.44597 0.25687 0.03421 0.10964
5953 0.48425 0.2743 0.0342 0.09526
5953 0.96668 0.76976 0.03027 0.10049
5953 0.86663 0.96075 0.03095 0.07851
2991 0.97475 0.13547 0.02947 0.1031
