5121 0.65871 0.06797 0.07849 0.09307
6315 0.97851 0.86024 0.04208 0.09066
10896 0.32313 0.89432 0.02795 0.07792
5953 0.92129 0.16609 0.03027 0.08902
3031 0.76478 0.28187 0.02129 0.0785
6315 0.71169 0.14197 0.0162 0.05682
6315 0.72635 0.48905 0.01375 0.04187
2991 0.23176 0.43053 0.01614 0.05431
10896 0.20671 0.24309 0.0125 0.03966
6315 0.24936 0.47043 0.01732 0.05496
2991 0.92255 0.23 0.01774 0.04962
10896 0.08428 0.31711 0.01725 0.05299
10896 0.54117 0.17263 0.01566 0.0486
2991 0.85807 0.05978 0.02195 0.06191
6315 0.23808 0.12933 0.01633 0.04618
2991 0.35905 0.96598 0.01472 0.04872
2991 0.84766 0.1963 0.01865 0.04549
2991 0.87453 0.15628 0.02088 0.04971
6315 0.35265 0.04002 0.01821 0.04802
10896 0.01088 0.37533 0.01643 0.05476
7243 0.03731 0.1091 0.0151 0.04128
