10896 0.30054 0.63203 0.02882 0.06538
2351 0.5476 0.28136 0.02939 0.07685
10896 0.91808 0.45546 0.02351 0.02279
10896 0.64614 0.94107 0.02431 0.07885
10896 0.31731 0.94565 0.01264 0.04628
10896 0.98846 0.86564 0.02043 0.07862
6315 0.00828 0.76687 0.01585 0.06041
10896 0.7507 0.14108 0.02129 0.07403
10896 0.61761 0.14668 0.01136 0.03434
2351 0.42422 0.40009 0.02282 0.06063
10896 0.76232 0.10786 0.01972 0.06004
6315 0.74087 0.39967 0.01766 0.04134
6315 0.79908 0.97789 0.02961 0.04082
2351 0.43109 0.45264 0.02152 0.06494
6315 0.49294 0.01403 0.01961 0.02267
2351 0.60843 0.3828 0.02807 0.08053
2351 0.58397 0.388 0.02344 0.08985
6315 0.56828 0.52802 0.014 0.04119
