5953 0.57658 0.53201 0.02558 0.09028
5953 0.70972 0.91151 0.02747 0.09604
10896 0.0371 0.02239 0.01258 0.03899
3031 0.64209 0.80086 0.01111 0.05224
5953 0.87726 0.97221 0.03864 0.04955
2991 0.14241 0.53302 0.01741 0.05189
7243 0.05356 0.59052 0.02623 0.0709
7243 0.81726 0.67403 0.01998 0.05054
7243 0.94498 0.13527 0.01629 0.04353
7243 0.89159 0.58877 0.01046 0.04737
7243 0.27035 0.93092 0.01313 0.04388
7243 0.34049 0.67512 0.01555 0.05307
7243 0.67413 0.06501 0.00373 0.00206
7243 0.8949 0.21108 0.01368 0.0283
7243 0.76586 0.08962 0.01555 0.04245
