10896 0.86656 0.47415 0.0245 0.05238
5953 0.65927 0.78056 0.03855 0.0963
7243 0.63208 0.46172 0.01938 0.04593
7243 0.63975 0.20373 0.01911 0.0528
7243 0.81554 0.67734 0.02242 0.05778
7243 0.97839 0.3999 0.0139 0.04654
7243 0.70848 0.00863 0.01595 0.01727
7243 0.51987 0.72896 0.01719 0.04328
7243 0.01413 0.19299 0.01422 0.03465
7243 0.0129 0.08981 0.02155 0.0414
7243 0.86038 0.42367 0.01794 0.03939
7243 0.4758 0.35525 0.01427 0.03859
7243 0.31817 0.01065 0.01171 0.0213
7243 0.97963 0.89491 0.0144 0.03426
7243 0.84177 0.2375 0.01537 0.04444
