5953 0.74978 0.23644 0.04303 0.099
10896 0.8773 0.19642 0.01984 0.04935
5953 0.06787 0.81888 0.05165 0.05747
10896 0.79418 0.96343 0.02496 0.04185
10896 0.28437 0.91786 0.033 0.06475
10896 0.48585 0.77867 0.01902 0.06577
10896 0.25716 0.40626 0.01734 0.04951
10896 0.64177 0.14241 0.01912 0.0641
10896 0.01615 0.01528 0.01272 0.03056
10896 0.08847 0.28112 0.01489 0.04706
10896 0.40606 0.91848 0.01692 0.04477
10896 0.24388 0.90339 0.01628 0.04268
10896 0.08357 0.14736 0.01292 0.03715
10896 0.02696 0.2734 0.01449 0.04979
10896 0.3554 0.77779 0.01235 0.039
10896 0.26113 0.90852 0.02025 0.06125
10896 0.04599 0.35833 0.01098 0.03889
7243 0.20648 0.21151 0.02461 0.04841
7243 0.48018 0.04553 0.01393 0.0435
7243 0.65004 0.53031 0.0174 0.04175
7243 0.45957 0.21493 0.01534 0.04129
7243 0.83144 0.09907 0.02282 0.0609
7243 0.54671 0.49501 0.02528 0.05668
7243 0.83368 0.30551 0.0199 0.04376
7243 0.03629 0.86863 0.02915 0.07274
7243 0.60261 0.29458 0.01534 0.04325
7243 0.83022 0.60588 0.02273 0.05058
7243 0.80854 0.21357 0.01597 0.0433
7243 0.96607 0.87484 0.00994 0.03403
7243 0.1448 0.63007 0.01403 0.03458
7243 0.70428 0.58593 0.01493 0.03931
7243 0.40606 0.34907 0.00098 0.00417
7243 0.05356 0.41505 0.01586 0.04861
7243 0.37678 0.63148 0.0161 0.03565
