6714 0.6907 0.8361 0.0512 0.08036
5953 0.32702 0.8674 0.03694 0.08606
2351 0.29123 0.0292 0.02846 0.0429
2351 0.82578 0.58401 0.02408 0.06948
5953 0.18432 0.51165 0.0401 0.11137
10896 0.79075 0.51799 0.02546 0.06538
2351 0.37529 0.62842 0.02114 0.06554
2351 0.54863 0.17845 0.02159 0.06648
2351 0.47244 0.72948 0.02317 0.07368
7243 0.60057 0.03392 0.01907 0.06744
7243 0.28303 0.77729 0.00922 0.03545
7243 0.00733 0.27543 0.01466 0.05395
7243 0.52309 0.55385 0.0281 0.04837
7243 0.04924 0.2605 0.01921 0.04329
7243 0.93093 0.4387 0.01339 0.03485
