5953 0.41143 0.08458 0.03237 0.11357
2351 0.78309 0.20857 0.03732 0.05319
2351 0.8627 0.71584 0.0271 0.07155
2351 0.82101 0.16307 0.02861 0.08733
2351 0.74782 0.01928 0.02631 0.03855
10896 0.51965 0.65018 0.00357 0.0291
2351 0.18501 0.15629 0.02667 0.09658
2351 0.47197 0.78767 0.01693 0.07255
7243 0.84508 0.01218 0.02462 0.02437
7243 0.89763 0.86482 0.02055 0.03627
7243 0.28504 0.16156 0.01479 0.04442
7243 0.34669 0.01099 0.02494 0.02198
7243 0.53616 0.22896 0.01812 0.05663
7243 0.3207 0.00858 0.02756 0.01717
7243 0.92884 0.00857 0.0159 0.01714
7243 0.57711 0.70696 0.01368 0.04127
7243 0.5482 0.21698 0.01306 0.05189
7243 0.21735 0.36085 0.01928 0.03538
7243 0.52581 0.6592 0.01306 0.04717
7243 0.1676 0.8066 0.01679 0.03066
