2392 0.36318 0.07775 0.01932 0.05702
2392 0.44683 0.19308 0.01604 0.05702
2392 0.48305 0.40431 0.01932 0.05831
2392 0.4785 0.461 0.01604 0.06285
2392 0.55886 0.34761 0.01713 0.05896
2392 0.64797 0.42666 0.02551 0.05378
2392 0.55868 0.06836 0.01385 0.06933
2392 0.65234 0.0946 0.02114 0.05702
2392 0.79481 0.47655 0.02478 0.05767
5121 0.98196 0.4351 0.03608 0.05512
2392 0.76073 0.1947 0.01713 0.06026
10896 0.91289 0.52507 0.02624 0.05054
2392 0.85859 0.58014 0.01895 0.05961
2392 0.98068 0.84871 0.01385 0.05378
2392 0.51946 0.95724 0.02296 0.06738
