3031 0.52611 0.1426 0.02228 0.05899
3031 0.62298 0.10931 0.0161 0.05403
2392 0.23064 0.0939 0.02299 0.05564
2392 0.11253 0.40183 0.01782 0.05646
2392 0.07836 0.25317 0.01751 0.04865
2392 0.43373 0.57238 0.02007 0.05183
6315 0.19734 0.2302 0.00955 0.0163
2392 0.54266 0.39113 0.01223 0.05568
6315 0.60819 0.31881 0.00879 0.01833
6315 0.84125 0.20779 0.00955 0.01766
6315 0.66894 0.8574 0.00879 0.02037
6315 0.27695 0.82663 0.00878 0.02301
3031 0.00832 0.67445 0.01664 0.05788
6315 0.27923 0.85909 0.00832 0.0189
