2351 0.76547 0.16017 0.03077 0.09311
2351 0.39694 0.02528 0.03033 0.05056
2351 0.49331 0.07561 0.02717 0.10248
6315 0.69997 0.7987 0.02523 0.0464
6315 0.22159 0.26051 0.0181 0.06094
2351 0.78417 0.6227 0.02902 0.08116
2351 0.47613 0.40062 0.03797 0.09812
2351 0.64304 0.39507 0.03225 0.08691
2351 0.50036 0.1782 0.03362 0.09624
6315 0.81736 0.93626 0.04698 0.06375
6315 0.02066 0.5916 0.02923 0.04677
2351 0.80256 0.43188 0.03468 0.07473
2351 0.77303 0.37165 0.02945 0.07421
6315 0.8622 0.01116 0.01482 0.02231
6315 0.39709 0.7207 0.02224 0.05924
10896 0.03649 0.00851 0.02312 0.01702
2351 0.7522 0.10777 0.03661 0.0829
