10896 0.9593 0.25107 0.04171 0.07214
10896 0.1591 0.07066 0.03412 0.09476
10896 0.72594 0.34391 0.02979 0.07428
2351 0.17797 0.2503 0.0468 0.08229
5953 0.56318 0.41033 0.0459 0.10225
10896 0.81574 0.46778 0.03429 0.08846
10896 0.73268 0.10565 0.0326 0.0867
10896 0.84261 0.97925 0.01967 0.04122
10896 0.43719 0.51428 0.02773 0.08999
5953 0.56686 0.9393 0.03269 0.09104
10896 0.41392 0.33263 0.03515 0.08448
2351 0.19485 0.17645 0.02856 0.09196
10896 0.55336 0.34118 0.04537 0.0651
10896 0.66709 0.2104 0.03038 0.08459
10896 0.01054 0.60698 0.02108 0.07695
10896 0.91814 0.46643 0.02807 0.08893
10896 0.41276 0.27238 0.02637 0.08217
3031 0.74949 0.07669 0.01993 0.07418
6315 0.71454 0.80868 0.01888 0.04285
