10896 0.40457 0.03304 0.02819 0.06608
10896 0.4559 0.88909 0.03321 0.06689
2351 0.31339 0.53642 0.03162 0.07227
10896 0.45802 0.5204 0.02083 0.07308
6315 0.90144 0.38952 0.0207 0.03879
6315 0.11212 0.65434 0.02217 0.04846
2351 0.62075 0.17099 0.02591 0.08423
2351 0.16921 0.24452 0.02958 0.09977
2351 0.19564 0.27217 0.02729 0.08637
3031 0.45687 0.34176 0.02729 0.07508
2351 0.86838 0.4948 0.03283 0.09201
6315 0.82236 0.13276 0.01937 0.0494
2351 0.9304 0.83626 0.028 0.08256
6315 0.41122 0.233 0.0183 0.05409
6315 0.79465 0.17123 0.02066 0.02551
6315 0.60367 0.11866 0.01129 0.0342
6315 0.41959 0.34276 0.02039 0.05221
6315 0.81048 0.55547 0.02116 0.05318
6315 0.83916 0.40681 0.01784 0.02562
6315 0.48522 0.79937 0.0181 0.05124
6315 0.11458 0.584 0.01402 0.03722
6315 0.08259 0.34155 0.0209 0.03771
