5953 0.8801 0.41838 0.04016 0.11756
10896 0.96902 0.42197 0.02253 0.07353
2351 0.24848 0.86164 0.03181 0.05956
6315 0.15582 0.64358 0.01707 0.03332
2351 0.18254 0.19182 0.04171 0.09713
10896 0.63956 0.03296 0.02171 0.06593
6315 0.33765 0.27398 0.02164 0.04915
2351 0.6039 0.12678 0.02807 0.09204
6315 0.8547 0.55014 0.02092 0.05455
10896 0.44164 0.34407 0.02552 0.07217
2351 0.49886 0.06614 0.02664 0.08385
6315 0.17374 0.38417 0.02356 0.04736
10896 0.57187 0.35598 0.02775 0.08285
2351 0.2056 0.022 0.02643 0.04401
10896 0.6264 0.47737 0.01962 0.07384
2351 0.78366 0.44517 0.02785 0.08467
2351 0.14199 0.4666 0.02881 0.0811
2351 0.80534 0.31024 0.02884 0.08427
6315 0.2547 0.79303 0.01954 0.03798
6315 0.32793 0.02217 0.02694 0.0283
6315 0.36422 0.03161 0.01513 0.03871
2351 0.86773 0.47623 0.02755 0.08553
