2351 0.03201 0.79666 0.03395 0.08051
2351 0.03512 0.26828 0.03106 0.09003
2351 0.39462 0.42665 0.02863 0.08039
2351 0.34595 0.45698 0.03189 0.09144
2351 0.5543 0.22615 0.0269 0.08858
2351 0.88451 0.03463 0.04061 0.06927
2351 0.57893 0.10811 0.02866 0.09742
5953 0.03045 0.9393 0.03248 0.08978
2351 0.69431 0.05899 0.02277 0.08509
6315 0.18544 0.01059 0.0236 0.02073
2351 0.42593 0.41171 0.02519 0.0673
2991 0.27444 0.08616 0.02618 0.09071
6315 0.06333 0.38318 0.01733 0.04199
6315 0.7764 0.80844 0.03607 0.07161
2351 0.25179 0.0723 0.02959 0.09946
2351 0.23376 0.05211 0.04961 0.05488
6315 0.30694 0.52523 0.01635 0.05061
6315 0.78936 0.46012 0.0235 0.05389
6315 0.46588 0.43991 0.01147 0.04042
6315 0.04672 0.06736 0.02131 0.05389
