2351 0.62999 0.0332 0.02039 0.06152
2351 0.3177 0.28644 0.03431 0.09495
2351 0.50953 0.63267 0.03198 0.09542
2351 0.64962 0.59722 0.03159 0.08543
10896 0.02804 0.68763 0.02438 0.05046
2351 0.79351 0.60531 0.03355 0.07904
2351 0.17303 0.54192 0.02657 0.06938
2351 0.70471 0.3792 0.04627 0.06629
2351 0.80301 0.02296 0.02739 0.04592
2351 0.49378 0.15883 0.03446 0.08543
10896 0.05109 0.03402 0.03403 0.06803
2351 0.5131 0.91033 0.02698 0.09061
3031 0.53069 0.34492 0.02263 0.0666
6315 0.10791 0.0322 0.04375 0.06441
2351 0.93638 0.16902 0.02616 0.0787
10896 0.43494 0.60554 0.01194 0.04815
10896 0.07568 0.03213 0.02677 0.06425
7243 0.6007 0.3552 0.01535 0.04545
